,0,1,2,3,4,5,6,7,8,9,10,11,12,13,14,15,16,17,18,19,20,21,22,23,24,25,26,27,28,29,30,31,32,33,34,35,36,37,38,39
0,2.0151353,1.4834788,0.0,0.0,2.2558548,0.0,1.8550646,0.0,0.6021695,2.2192175,1.5874318,1.6454445,0.0,0.95221204,3.2533026,0.0,2.0559785,1.5405133,1.1952394,2.5023692,1.4082179,1.397509,2.2943807,2.2560115,1.0128256,2.1768336,1.1182616,1.70991,0.7888198,1.803065,1.2291741,3.119821,1.2550614,1.336476,0.0,0.0,0.96722543,0.4170836,1.5314848,0.0
1,2.159834,1.5191382,0.0,0.0,2.6427822,0.0,1.771815,0.0,0.74603844,1.770484,1.6249301,1.7460088,0.0,0.8391194,3.3323326,0.0,1.5414954,1.3486619,1.0870329,2.4318075,1.3726383,1.1909641,1.9164782,2.0868053,0.8887393,2.0498314,1.2157233,1.5655237,1.1895429,1.4927098,1.0566367,2.806757,1.204827,1.5843936,0.0,0.0,0.7459397,0.4233396,1.7137153,0.0
2,2.155814,1.5867469,0.0,0.0,2.7022643,0.0,1.5456843,0.0,0.9742545,1.0320523,1.5218977,1.7524666,0.0,0.73526394,3.0564013,0.0,0.9012436,1.0418895,0.9044033,2.1238859,1.3032225,0.9167486,1.2949524,1.6882527,0.73948956,1.6399945,1.2391055,1.2991959,1.5954189,1.0243897,0.7881791,2.1894665,1.0830159,1.7329834,0.0,0.0,0.51868373,0.5170332,1.7547028,0.0
3,2.0605314,1.826746,0.0,0.0,2.5272465,0.0,1.4276369,0.0,1.3995262,0.31041604,1.5224619,1.8607397,0.0,0.72044134,2.6662931,0.0,0.5768185,0.7648998,0.90850556,1.8828264,1.2723653,0.7629436,0.7942937,1.3398284,0.8395846,1.181635,1.4040027,1.0902122,2.0368335,0.74657273,0.64378536,1.6395645,1.0021206,1.876906,0.0,0.0,0.45658213,0.88667995,1.8435547,0.0
4,1.9795561,2.1267292,0.0,0.0,2.0218048,0.0,1.3276216,0.0,1.8022407,0.0,1.5045283,1.8862587,0.0,0.8649584,2.2098765,0.0,0.5721355,0.563634,0.9893386,1.7001344,1.344561,0.72642154,0.46268588,1.0965817,1.0004395,0.79877937,1.5747223,1.0268984,2.3324568,0.70008767,0.5777675,1.1963813,1.0528563,2.0654287,0.0,0.0,0.62573385,1.2568227,1.7829708,0.0
5,1.7690058,2.291939,0.0,0.0,1.325375,0.0,1.1590794,0.0,2.023192,0.0,1.4102935,1.725784,0.0,1.0189879,1.6549138,0.0,0.76282865,0.42740998,1.0570923,1.5070193,1.3460094,0.7162649,0.2490184,0.9456858,1.1207315,0.47175303,1.6357495,0.9480395,2.345247,0.7812069,0.5336265,0.7815399,1.070628,2.1102414,0.0,0.0,0.81925166,1.4661069,1.5679456,0.0
6,1.662652,2.451921,0.0,0.0,0.8597964,0.0,1.1555675,0.0,2.2130055,0.0,1.4352291,1.596301,0.0,1.3064146,1.3895158,0.0,1.2689618,0.49495825,1.311408,1.5230776,1.4429677,0.893034,0.2878459,1.0931888,1.3024296,0.40901056,1.7479168,1.0258162,2.3122652,1.1136092,0.6907071,0.6168683,1.206751,2.1765015,0.0,0.0,1.1272961,1.6793761,1.4326578,0.0
7,1.5614538,2.474386,0.0,0.0,0.5970062,0.0,1.1491092,0.0,2.2675056,0.0,1.4634035,1.4271349,0.0,1.5572897,1.2551366,0.0,1.7469568,0.59658635,1.5712172,1.580727,1.5021683,1.061561,0.38340935,1.2717495,1.4206139,0.46910468,1.8276196,1.106642,2.2591932,1.4383963,0.8474291,0.52121544,1.3288003,2.1916552,0.0,0.0,1.3273247,1.757558,1.3116137,0.0
8,1.4973025,2.3844588,0.0,0.0,0.55431473,0.0,1.1375312,0.0,2.2518275,0.19570465,1.4898225,1.2753228,0.0,1.7907704,1.2327447,0.0,2.136834,0.7093112,1.8334047,1.6707752,1.5685025,1.1825138,0.4437639,1.438209,1.4881151,0.59589076,1.8986847,1.1879557,2.25795,1.7167342,1.0219854,0.4318498,1.4436039,2.2170599,0.0,0.0,1.4236832,1.7855742,1.2646441,0.0
9,1.4762895,2.2230046,0.0,0.0,0.6816802,0.0,1.1106917,0.0,2.223565,0.34503502,1.4687237,1.1356949,0.0,2.0195298,1.3159055,0.0,2.459904,0.7899673,2.1019042,1.7858536,1.603958,1.2965184,0.4565996,1.5603011,1.5407888,0.8233851,1.9563816,1.2519559,2.3504968,1.9607253,1.1975847,0.35651416,1.4890646,2.212944,0.0,0.0,1.4639865,1.8237386,1.2028668,0.0
10,1.423511,1.9903362,0.0,0.0,0.8846241,0.0,1.0306753,0.0,2.1408877,0.42946815,1.3513138,0.97457737,0.0,2.2324474,1.4018968,0.0,2.6715982,0.81434655,2.2832484,1.8518105,1.6154926,1.3537608,0.31271616,1.6187365,1.5023942,1.0700177,1.9671967,1.2517128,2.433763,2.1392775,1.3052593,0.26255614,1.4270535,2.1429822,0.0,0.0,1.4177352,1.8095213,1.1646615,0.0
11,1.4026209,1.7449801,0.0,0.0,1.2113413,0.0,0.9784579,0.0,2.0586522,0.54777515,1.1999,0.87684995,0.0,2.451417,1.5707102,0.0,2.804177,0.82423544,2.4353366,1.9587011,1.653171,1.4017186,0.11057341,1.6461809,1.4644368,1.4257967,1.9798013,1.2789978,2.5497653,2.289496,1.4140984,0.24656035,1.3142931,2.0422347,0.0,0.0,1.3580062,1.8075429,1.2026408,0.0
12,1.3361077,1.4055299,0.0,0.0,1.5589361,0.0,0.8918917,0.0,1.8947729,0.6702375,1.0026236,0.7903292,0.0,2.5490725,1.6741414,0.0,2.737283,0.7475947,2.4586735,1.9935875,1.5932474,1.3163546,0.0,1.5656953,1.3996271,1.7393302,1.8518851,1.2827805,2.6023848,2.3214977,1.4857498,0.27594534,1.0731031,1.8185709,0.0,0.0,1.2773001,1.7657437,1.1686217,0.0
13,1.2438166,1.1092619,0.0,0.0,1.8253232,0.0,0.8803492,0.0,1.709798,0.8724201,0.8599246,0.7478003,0.0,2.5607011,1.705087,0.0,2.6025102,0.6293942,2.4020054,2.0295522,1.4828871,1.1524775,0.0,1.447946,1.3337363,2.0498915,1.656605,1.2681823,2.569323,2.291351,1.5444595,0.3905616,0.7907339,1.5293202,0.0,0.0,1.2461833,1.7421623,1.128966,0.0
14,1.1691275,1.018172,0.0,0.0,1.9761901,0.0,0.9856806,0.0,1.6416472,1.2284559,0.8726144,0.7869135,0.0,2.5629907,1.671096,0.0,2.5365222,0.5419116,2.3953652,2.1565957,1.3920323,1.0006577,0.0,1.3789262,1.3412193,2.3420198,1.4956002,1.2745141,2.5032046,2.2970986,1.6697625,0.59602875,0.6245421,1.2733214,0.0,0.0,1.3594792,1.7840257,1.1330899,0.0
15,1.037194,1.0914277,0.0,0.0,1.8990543,0.0,1.2301258,0.0,1.666062,1.7122273,1.0651902,0.84496504,0.0,2.5008066,1.4911253,0.0,2.5917451,0.43355772,2.4394147,2.3329186,1.2975422,0.8768819,0.22721612,1.3345501,1.3646169,2.5667264,1.3853849,1.2520474,2.3238037,2.2951474,1.8524824,0.75115246,0.6087162,1.0267344,0.0,0.0,1.6144825,1.8059757,1.1271908,0.0
16,0.9139246,1.3236134,0.0,0.0,1.6021371,0.0,1.5323339,0.0,1.7941096,2.1359417,1.4339033,0.847327,0.0,2.3306668,1.1690315,0.0,2.7058332,0.4347768,2.5290656,2.4772582,1.225545,0.8449102,0.7879351,1.3459039,1.4076978,2.5820167,1.3833106,1.2305278,2.0629778,2.2051353,1.9556917,0.76512164,0.8425445,0.8194915,0.0,0.0,1.8731519,1.8137698,1.210484,0.0
17,0.9430536,1.6042068,0.0,0.0,1.3264418,0.0,1.8340465,0.0,1.9982456,2.3346555,1.7605168,0.8597405,0.0,2.119658,0.94830024,0.0,2.8245335,0.56255776,2.6686811,2.569989,1.2565926,0.9843808,1.4069524,1.4683754,1.4892884,2.4204385,1.5457299,1.3190873,1.8735543,2.0752306,1.9631082,0.72648114,1.2835668,0.82125676,0.0,0.0,1.9930621,1.7909269,1.371862,0.0
18,1.0140024,1.757458,0.0,0.0,1.1982714,0.0,2.0123942,0.0,2.1425924,2.3290029,1.9316419,0.86476815,0.0,1.9817581,0.9082741,0.0,2.895077,0.73015404,2.8328269,2.6382034,1.3781244,1.1799706,1.7768462,1.5757289,1.5292499,2.2641392,1.7708837,1.4616207,1.8091966,1.9717577,1.9159707,0.66253173,1.7217547,0.903823,0.0,0.0,1.9758174,1.720464,1.5479573,0.0
19,1.136569,1.7819632,0.0,0.0,1.2379103,0.0,2.079731,0.0,2.282903,2.218835,1.9408436,0.8310845,0.0,1.8866365,0.9632804,0.0,2.8797164,0.84087455,2.9702659,2.702001,1.5626969,1.3198153,1.9472687,1.668802,1.5573817,2.2045784,1.9697634,1.6480066,1.8556312,1.9012433,1.8372424,0.5744385,2.024401,0.97975767,0.0,0.0,1.9029918,1.6478505,1.7378119,0.0
20,1.2223828,1.690475,0.0,0.0,1.3405439,0.0,2.0506206,0.0,2.3830338,2.04755,1.7976943,0.74707913,0.0,1.7702127,1.0261226,0.0,2.7339926,0.85205936,3.049189,2.7303202,1.7295197,1.349447,1.9460344,1.6947088,1.5573562,2.2360349,2.1032097,1.8225148,1.9079107,1.8287061,1.7129651,0.47532946,2.1483924,0.9875875,0.0,0.0,1.7759994,1.5654783,1.8995105,0.0
21,1.2377753,1.4980197,0.0,0.0,1.4516428,0.0,1.9275489,0.0,2.4108381,1.8030796,1.4919218,0.6003904,0.0,1.5699261,1.0709138,0.0,2.4070094,0.72879344,2.9993408,2.7096016,1.849144,1.2400119,1.7925329,1.6217855,1.5110157,2.307697,2.122433,1.9611447,1.9023914,1.7087802,1.5133003,0.39878276,2.0627775,0.9104736,0.0,0.0,1.5806713,1.4374347,2.0052125,0.0
22,1.1602753,1.2033458,0.0,0.0,1.534568,0.0,1.6649541,0.0,2.319711,1.5274389,1.0174263,0.42531377,0.0,1.2226894,1.0414611,0.0,1.8574395,0.45283222,2.7383447,2.5505333,1.8826873,0.95995647,1.4960501,1.4504156,1.4294022,2.3847055,1.9765098,2.0542486,1.7359527,1.5336975,1.1895155,0.35684904,1.7447747,0.7327788,0.0,0.0,1.2848663,1.2588744,2.0282226,0.0
23,1.153574,1.0033513,0.0,0.0,1.6785123,0.0,1.4389095,0.0,2.1999803,1.3839543,0.5705129,0.43984795,0.0,0.8404432,1.1040779,0.0,1.2830441,0.2009601,2.422812,2.3871078,1.9168689,0.66747665,1.224278,1.3632555,1.457018,2.4986508,1.7709445,2.154675,1.4965072,1.4327012,0.94111407,0.58529246,1.3627172,0.59566617,0.0,0.0,1.0434322,1.2273021,2.037916,0.0
24,1.1925485,1.028023,0.0,0.0,1.9532976,0.0,1.2820704,0.0,2.1260092,1.4858409,0.29091537,0.7162206,0.0,0.51966375,1.3464414,0.0,0.84111655,0.06965875,2.0648189,2.3255768,1.9892962,0.4187866,1.0943687,1.3561962,1.5652437,2.5768743,1.6000333,2.3493729,1.2358176,1.5025417,0.8376584,1.0912399,1.0134248,0.59016293,0.0,0.0,0.871444,1.3219196,2.081643,0.0
25,1.2621634,1.2966223,0.0,0.0,2.2515824,0.0,1.2985004,0.0,2.0103528,1.7618656,0.28172696,1.1813387,0.0,0.307996,1.742092,0.0,0.69156146,0.1074244,1.7446562,2.3416152,2.010729,0.32338202,1.1636689,1.4908222,1.7476479,2.5875614,1.475757,2.5198808,0.98936325,1.6582209,0.9312854,1.7798789,0.8462159,0.7714065,0.0,0.0,0.781536,1.5008149,2.0805259,0.0
26,1.2989619,1.6154736,0.0,0.0,2.4350154,0.0,1.3717865,0.0,1.8307238,2.0165272,0.46413687,1.6854929,0.0,0.19841114,1.9852492,0.0,0.71379906,0.21921116,1.4763008,2.2673616,1.9175495,0.33348843,1.2541971,1.576329,1.8695389,2.418402,1.384509,2.4797852,0.8001617,1.7814714,1.084282,2.328049,0.8492869,0.9711657,0.0,0.0,0.7059103,1.6923296,2.0101995,0.0
27,1.2825948,1.9309418,0.0,0.0,2.537651,0.0,1.4681321,0.0,1.6578032,2.221618,0.7474692,2.180903,0.0,0.14199963,2.1466482,0.0,0.82816726,0.36533296,1.2512807,2.0947564,1.7938552,0.3927492,1.3558252,1.6167053,1.9395767,2.1318293,1.4018278,2.2642195,0.7315295,1.8130143,1.2492195,2.6791286,1.0004025,1.247158,0.0,0.0,0.62261593,1.8088286,1.9279008,0.0
28,1.2263136,2.1436179,0.0,0.0,2.5955174,0.0,1.5796964,0.0,1.4859743,2.309518,1.0781075,2.6233807,0.0,0.1211286,2.2252398,0.0,0.969215,0.52824026,1.079836,1.8494971,1.6393619,0.4981321,1.4215937,1.6134813,1.9258747,1.7503372,1.4765646,1.9331834,0.8005523,1.7494482,1.3807284,2.8239875,1.2284805,1.5385722,0.0,0.0,0.5055969,1.8492186,1.8309921,0.0
29,1.1747215,2.2825532,0.0,0.0,2.6868582,0.0,1.7751552,0.0,1.3535668,2.2979972,1.4586842,3.0108795,0.0,0.24028295,2.2777557,0.0,1.1797612,0.8102778,1.0956373,1.6092,1.5017946,0.7627167,1.4732461,1.6393806,1.8490134,1.3203928,1.617382,1.5840693,0.9956008,1.6315302,1.538556,2.8515506,1.556187,1.7991215,0.0,0.0,0.44142964,1.9047873,1.7402323,0.0
30,1.1312208,2.2610743,0.0,0.0,2.7392192,0.0,1.9687766,0.0,1.2447541,2.0999677,1.7821637,3.2749884,0.0,0.46588632,2.2971478,0.0,1.3636268,1.1399748,1.2078155,1.3726006,1.349459,1.1251217,1.4469042,1.6598873,1.7174419,0.8703519,1.7665241,1.289955,1.2965688,1.4443628,1.6495911,2.7638006,1.895914,1.9897683,0.0,0.0,0.41933286,1.9237427,1.6369947,0.0
31,1.237422,2.1360967,0.0,0.0,2.8116565,0.0,2.2343762,0.0,1.2223598,1.8828852,2.0191782,3.478025,0.0,0.8302048,2.4273543,0.0,1.5825157,1.5644732,1.4941367,1.3059906,1.3264586,1.6067159,1.4606013,1.7558734,1.6373376,0.6513258,1.9646192,1.2162234,1.7303269,1.3146787,1.7876076,2.704928,2.232432,2.192661,0.0,0.0,0.51144654,1.9834633,1.6090263,0.0
32,1.4144553,1.8759191,0.0,0.0,2.7856312,0.0,2.4510908,0.0,1.2290452,1.6805004,2.1341975,3.568005,0.0,1.1992143,2.5773048,0.0,1.7344605,1.986275,1.7405186,1.2992592,1.3549526,2.0362718,1.5171318,1.8713002,1.5884532,0.56710553,2.0705519,1.2736354,2.0840957,1.233535,1.9125066,2.689499,2.4199522,2.270273,0.0,0.0,0.7051288,2.0470252,1.580408,0.0
33,1.5668875,1.484957,0.0,0.0,2.6317697,0.0,2.5367355,0.0,1.1599185,1.4867728,2.0922468,3.5125084,0.0,1.4538398,2.636983,0.0,1.7746372,2.3159704,1.8453435,1.3177531,1.3479694,2.3302171,1.5548704,1.9513928,1.5493201,0.5632762,2.0217874,1.3845615,2.2466643,1.1566648,1.9390035,2.668665,2.4121625,2.1834378,0.0,0.0,0.8986116,2.083648,1.5193174,0.0
34,1.7666249,1.131675,0.0,0.0,2.430202,0.0,2.5790339,0.0,1.1087482,1.4504006,2.0266638,3.4893336,0.0,1.6647404,2.6926441,0.0,1.809823,2.606074,1.8815975,1.435958,1.3768463,2.572586,1.6904016,2.076012,1.6113707,0.66815335,1.8923072,1.6004101,2.2628505,1.1805415,2.0259318,2.7670214,2.334472,2.0739965,0.0,0.0,1.1377498,2.186242,1.4873668,0.0
35,1.9095273,0.7968948,0.0,0.0,2.098989,0.0,2.5880294,0.0,0.96309435,1.4993042,1.8975949,3.424385,0.0,1.745817,2.654374,0.0,1.8213865,2.765742,1.7656859,1.5395737,1.3517531,2.6856048,1.8779323,2.1676135,1.7078427,0.77481157,1.6570935,1.8236719,2.09867,1.2605776,2.0972962,2.8684132,2.1380346,1.875388,0.0,0.0,1.3589493,2.271007,1.4072989,0.0
36,1.9576159,0.5678961,0.0,0.0,1.6861727,0.0,2.5031958,0.0,0.76372856,1.6295882,1.7685391,3.3129427,0.0,1.7072376,2.4869084,0.0,1.8553352,2.7786052,1.5465434,1.6222215,1.2767781,2.6162345,2.0857148,2.2030103,1.7933455,0.81289387,1.3433642,1.9537207,1.780583,1.3759536,2.1530576,2.8737793,1.9292098,1.6095357,0.0,0.0,1.4892621,2.323761,1.3108226,0.0
37,1.959744,0.5405083,0.0,0.0,1.2865456,0.0,2.3854632,0.0,0.61096644,1.8477058,1.6883892,3.2391567,0.0,1.5992302,2.26693,0.0,1.9710274,2.6445699,1.3502513,1.691385,1.2359772,2.431368,2.283077,2.2031333,1.8862748,0.7784288,1.1068505,1.9706675,1.458948,1.5464768,2.2785792,2.7894845,1.8128649,1.4225732,0.0,0.0,1.5291924,2.3304558,1.2144129,0.0
38,1.9215746,0.74501467,0.0,0.0,1.0371711,0.0,2.2863898,0.0,0.5629455,2.0824192,1.6918334,3.2372036,0.0,1.5186276,2.1192684,0.0,2.1701393,2.4598625,1.2725035,1.7413745,1.2987404,2.2344382,2.4686325,2.1556818,1.9644778,0.68987536,1.0205984,1.9322518,1.2738513,1.726022,2.4630144,2.6468678,1.8816441,1.3260642,0.0,0.0,1.4599477,2.3238401,1.1832744,0.0
39,1.8479326,1.0391744,0.0,0.0,0.9234186,0.0,2.178459,0.0,0.5457184,2.250568,1.7134411,3.2790773,0.0,1.4518824,2.0120318,0.0,2.3460677,2.2342489,1.2755259,1.6983721,1.4123582,2.0244412,2.5530279,2.0442898,1.9504267,0.50092745,1.0420514,1.7905855,1.2117516,1.8251493,2.6128604,2.4135263,2.1106093,1.3179625,0.0,0.0,1.263849,2.2590928,1.1850597,0.0
40,1.8395588,1.396167,0.0,0.0,0.950238,0.0,2.096542,0.0,0.61446893,2.3566217,1.7434686,3.3834188,0.0,1.4702034,2.0352705,0.0,2.567396,2.0566196,1.414754,1.6374819,1.6536897,1.9220618,2.5554378,1.9322176,1.8811216,0.31718507,1.2152119,1.6293868,1.3310875,1.8850712,2.7614954,2.2260997,2.4772127,1.3907113,0.0,0.0,1.0331491,2.1763625,1.2431298,0.0
41,1.932701,1.7684681,0.0,0.0,1.0866855,0.0,2.025554,0.0,0.77420425,2.3675873,1.7635444,3.4972894,0.0,1.5639387,2.2527306,0.0,2.7091422,1.9279472,1.6784271,1.5726259,1.9723641,1.8912486,2.4639337,1.8047391,1.7760533,0.19211772,1.5275542,1.4796131,1.5680369,1.8760725,2.9187002,2.1555045,2.9165084,1.518067,0.0,0.0,0.8360236,2.0985427,1.3443688,0.0
42,2.0686984,1.9535809,0.0,0.0,1.2390038,0.0,1.9139012,0.0,0.912653,2.1853821,1.6251184,3.4320464,0.0,1.7215369,2.5218935,0.0,2.6663425,1.8839915,1.9307951,1.4884466,2.2815385,1.9236213,2.1725876,1.644666,1.5040375,0.14778581,1.7985444,1.4013048,1.7633852,1.7602121,2.9074807,2.1560497,3.2340744,1.5991821,0.0,0.0,0.6771845,1.9485981,1.4245633,0.0
43,2.227444,2.028882,0.0,0.0,1.4712088,0.0,1.7648953,0.0,1.0284095,1.8994917,1.3443761,3.1620655,0.0,1.876496,2.7923408,0.0,2.4972882,1.9464855,2.2461715,1.4753706,2.5338979,1.9503764,1.8098433,1.5015051,1.2200767,0.32239535,2.0594234,1.4506897,1.8607033,1.6208547,2.7319846,2.3367915,3.3987987,1.5894032,0.0,0.0,0.66771454,1.7641511,1.4899613,0.0
44,2.3613148,1.8438473,0.0,0.0,1.658782,0.0,1.5139796,0.0,1.0412925,1.525508,0.8914506,2.5597544,0.0,1.977685,2.9404395,0.0,2.2072582,2.0150044,2.4231482,1.5640851,2.512154,1.8924342,1.3669004,1.416609,0.8931227,0.6961131,2.099309,1.6990961,1.6718615,1.466602,2.346268,2.5817342,3.195572,1.3372141,0.0,0.0,0.86028284,1.5435699,1.4552151,0.0
45,2.5242085,1.5988603,0.0,0.0,1.8865182,0.0,1.3975531,0.0,1.0584251,1.3592379,0.5560285,1.9058465,0.0,2.1192513,3.0362945,0.0,2.1196153,2.1912053,2.5847826,1.9690852,2.239354,1.9212071,1.1418669,1.5563364,0.81108785,1.3748931,2.067466,2.2418306,1.3207225,1.5530902,2.0415032,2.9758167,2.8145642,1.0917987,0.0,0.0,1.3761321,1.452785,1.4118636,0.0
46,2.6167834,1.4208314,0.0,0.0,2.0367692,0.0,1.4612776,0.0,1.0528141,1.4858551,0.5061041,1.4339696,0.0,2.2770574,2.9985723,0.0,2.3515315,2.3725755,2.697588,2.515862,1.8174552,2.0078955,1.2622178,1.8390647,1.0259366,2.095035,1.9408034,2.8329887,0.9358093,1.8218602,1.9945235,3.2866066,2.4032352,0.95504874,0.0,0.0,2.0308065,1.4998317,1.4015995,0.0
47,2.4964545,1.3329726,0.0,0.0,2.0270815,0.0,1.572827,0.0,0.99301255,1.7314668,0.670708,1.2516416,0.0,2.379409,2.7061553,0.0,2.688241,2.43435,2.6357498,2.8926375,1.3389654,2.060003,1.529172,2.0878475,1.3164072,2.4971893,1.7725182,3.1017458,0.60986316,2.146454,2.0631428,3.3341856,2.103404,0.8892744,0.0,0.0,2.475997,1.5949115,1.3962327,0.0
48,2.175133,1.307708,0.0,0.0,1.8792902,0.0,1.618754,0.0,0.8499605,1.9569021,0.90316993,1.2683055,0.0,2.387761,2.273918,0.0,3.00558,2.351378,2.445622,2.9731717,0.8914766,2.0020673,1.751854,2.190102,1.5228506,2.5155458,1.5746725,3.0207324,0.42473444,2.378857,2.1706958,3.097948,1.9487877,0.8362956,0.0,0.0,2.5929017,1.621602,1.3579632,0.0
49,1.8223898,1.4132075,0.0,0.0,1.7574443,0.0,1.6906761,0.0,0.7981347,2.239301,1.2445182,1.5974196,0.0,2.4010823,1.8601376,0.0,3.3993642,2.2241013,2.3191035,2.88356,0.66515225,1.9953631,1.9603376,2.2247515,1.7305841,2.3290598,1.54575,2.74347,0.4975777,2.6058452,2.439807,2.7443962,2.0510175,0.93834,0.0,0.0,2.534687,1.6541556,1.4165727,0.0
50,1.4017047,1.5564531,0.0,0.0,1.5665329,0.0,1.6063417,0.0,0.7772091,2.4218295,1.5581747,2.075386,0.0,2.3348444,1.3902546,0.0,3.626183,1.9072618,2.1687396,2.4878314,0.6128966,1.8832581,2.0264056,2.0991635,1.8558433,1.897884,1.5077424,2.2516215,0.7552781,2.666845,2.6671278,2.2304466,2.2321193,1.0795615,0.0,0.0,2.2292159,1.6253502,1.4499158,0.0
51,1.0546062,1.7239181,0.0,0.0,1.4174628,0.0,1.4914078,0.0,0.92101836,2.54408,1.8065056,2.6452203,0.0,2.2731206,1.0830238,0.0,3.6168196,1.532699,2.0820804,1.9301666,0.82703865,1.7768844,1.9860723,1.8903384,1.9212507,1.3485055,1.5998554,1.7025708,1.2655872,2.6375453,2.8789983,1.6709538,2.5284374,1.3456354,0.0,0.0,1.7784309,1.5986288,1.5845248,0.0
52,0.8899225,1.8760147,0.0,0.0,1.3593041,0.0,1.3924214,0.0,1.256515,2.4740088,1.9036702,3.0584128,0.0,2.1303017,1.0836339,0.0,3.3358176,1.2252111,2.0869093,1.4441977,1.276642,1.6910399,1.9165614,1.7251164,1.9643714,0.86807823,1.8096765,1.3882848,1.8904952,2.570965,2.9495964,1.2842193,2.7660391,1.6247824,0.0,0.0,1.3757523,1.5728463,1.805451,0.0
53,0.9740745,2.014285,0.0,0.0,1.4303713,0.0,1.4032797,0.0,1.7047712,2.5001667,1.9623808,3.3651223,0.0,2.0229127,1.2667814,0.0,3.0308497,0.96953475,2.268663,1.1122463,1.7946093,1.7149826,1.854913,1.6041627,2.097979,0.68845713,2.0611134,1.3039953,2.4941988,2.4838026,3.0532346,1.1620078,2.9959152,1.9832453,0.0,0.0,1.1098964,1.6177983,2.024178,0.0
54,1.0614246,1.9780693,0.0,0.0,1.4028553,0.0,1.2353889,0.0,2.1045544,2.385147,1.8415264,3.3163462,0.0,1.804153,1.3855472,0.0,2.5471828,0.72245944,2.3604531,0.8572971,2.1560547,1.6262219,1.7340319,1.4737595,2.0924752,0.5815023,2.1014967,1.3153487,2.7979572,2.2731442,2.9907837,1.0699213,3.0108821,2.122244,0.0,0.0,0.9143102,1.6314673,2.110011,0.0
55,1.2995405,1.8813632,0.0,0.0,1.4263341,0.0,1.1580507,0.0,2.550755,2.267894,1.6628283,3.0350413,0.0,1.5010548,1.5730935,0.0,1.9983726,0.53491706,2.4771264,0.80887836,2.4281774,1.536259,1.7128344,1.4408756,2.1341739,0.673535,2.1539822,1.5670637,2.9417555,2.1345458,2.8999407,1.0802138,2.9224281,2.12648,0.0,0.0,0.93602204,1.7023337,2.2196672,0.0
56,1.5426857,1.6417252,0.0,0.0,1.3748442,0.0,1.0406642,0.0,2.8557854,2.0445616,1.3525006,2.3782926,0.0,1.0685365,1.6742257,0.0,1.3721324,0.36104292,2.4436243,0.9155002,2.4582143,1.3244954,1.6786315,1.3662071,2.081613,0.91268563,2.0846224,1.8930198,2.7948892,1.9744385,2.67076,1.0366917,2.6368172,1.9328964,0.0,0.0,1.0631969,1.675807,2.198643,0.0
57,1.91037,1.4487829,0.0,0.0,1.3793299,0.0,1.147421,0.0,3.0146966,1.8321161,1.0956992,1.5281959,0.0,0.6879862,1.8818957,0.0,0.9918599,0.42232224,2.4292593,1.4246366,2.2868152,1.1764821,1.8228333,1.4299681,2.056334,1.3614551,1.9765773,2.3672285,2.4322135,1.88456,2.4791145,1.1617281,2.3130534,1.6645592,0.0,0.0,1.383976,1.6703752,2.142738,0.0
58,2.1191607,1.2815969,0.0,0.0,1.4218609,0.0,1.3667022,0.0,2.8377533,1.6275584,0.97458804,0.6957036,0.0,0.4448726,1.9928527,0.0,0.8953161,0.64745444,2.3017225,2.0951324,1.8614191,1.0638007,1.9943831,1.4927295,1.9593787,1.8395538,1.7949991,2.6685045,1.8740033,1.8416142,2.2267935,1.3006885,1.944266,1.2990047,0.0,0.0,1.6942818,1.6082392,1.9311745,0.0
59,2.3112216,1.3565247,0.0,0.0,1.58916,0.0,1.7821015,0.0,2.596005,1.5509787,1.0884742,0.3015113,0.0,0.49836782,2.1954393,0.0,1.1799347,0.9972029,2.2958167,2.800738,1.5462583,1.1415776,2.2457354,1.6718545,1.9771959,2.2452424,1.7173829,2.8954592,1.5389045,1.9541852,2.1384306,1.5635772,1.8408113,1.127064,0.0,0.0,1.9333342,1.6340019,1.8490806,0.0
60,2.386653,1.4648716,0.0,0.0,1.7121692,0.0,2.1779938,0.0,2.3556504,1.5311351,1.2679846,0.19501731,0.0,0.60905784,2.354463,0.0,1.5143743,1.3411146,2.2765117,3.3579917,1.3333873,1.2352668,2.4731014,1.8151884,1.9789326,2.4761665,1.733269,2.937475,1.3546973,2.0699365,2.1284294,1.7696948,1.8128098,1.076062,0.0,0.0,2.0616002,1.6381966,1.7925997,0.0
61,2.4316895,1.6104245,0.0,0.0,1.75517,0.0,2.5581279,0.0,2.135555,1.5283519,1.4639478,0.24165776,0.0,0.7360359,2.507424,0.0,1.835138,1.6278262,2.2178907,3.7586863,1.2155473,1.3370665,2.6653416,1.9042819,1.9791094,2.6136932,1.7773062,2.9069827,1.3054668,2.1854882,2.1345992,1.9475229,1.8174334,1.079941,0.0,0.0,2.113117,1.6293492,1.7771958,0.0
62,2.4154327,1.7691245,0.0,0.0,1.7373114,0.0,2.9190097,0.0,1.8583969,1.4913121,1.6239911,0.36551306,0.0,0.7976606,2.6133912,0.0,2.0548656,1.8608637,2.0771732,4.00787,1.1458361,1.3768624,2.831978,1.906152,1.9457488,2.614894,1.78275,2.7429657,1.3428358,2.2383442,2.0584862,2.11062,1.7880505,1.0990523,0.0,0.0,2.0544658,1.555642,1.728697,0.0
63,2.3181963,1.9388328,0.0,0.0,1.6314939,0.0,3.2255116,0.0,1.4924179,1.3926653,1.7441121,0.5580745,0.0,0.8076806,2.6991754,0.0,2.149693,2.0422287,1.7978045,4.0606103,1.1176484,1.3570398,2.9413097,1.799325,1.8412969,2.4577796,1.7050985,2.4309409,1.4252043,2.1929204,1.8501233,2.2668536,1.6683283,1.1271445,0.0,0.0,1.8567661,1.4299908,1.6334791,0.0
64,2.1904635,2.1345701,0.0,0.0,1.4766535,0.0,3.4363072,0.0,1.078732,1.259789,1.8301728,0.90599227,0.0,0.86534125,2.845216,0.0,2.156249,2.1981273,1.4388556,3.8307073,1.2267272,1.3446155,2.9851208,1.618904,1.685002,2.1701856,1.5350227,1.9575137,1.5864819,2.0409815,1.5147085,2.4680321,1.456063,1.2293768,0.0,0.0,1.5529615,1.3509741,1.5078489,0.0
65,2.039224,2.2377193,0.0,0.0,1.3770359,0.0,3.3457332,0.0,0.75655764,1.1537634,1.870495,1.3912407,0.0,1.0402665,3.0532281,0.0,2.1101289,2.2715366,1.0753481,3.239655,1.4676434,1.4309173,2.8495448,1.4456688,1.4744507,1.7550181,1.2911556,1.4412986,1.7967898,1.7900904,1.0855225,2.6588247,1.1619371,1.4327352,0.0,0.0,1.1903474,1.3313955,1.3093045,0.0
66,1.9401324,2.2757022,0.0,0.0,1.4179975,0.0,2.950143,0.0,0.6675729,1.0652034,1.8418316,1.837633,0.0,1.3530246,3.2287207,0.0,2.075599,2.2413666,0.9467647,2.4390414,1.7301306,1.6123368,2.5562131,1.3386942,1.3451277,1.3837453,1.0958135,1.0956856,1.9655509,1.5714604,0.78116965,2.7273743,0.94016975,1.6564969,0.0,0.0,0.95930177,1.4588231,1.17024,0.0
67,1.9288013,2.2126987,0.0,0.0,1.5580583,0.0,2.4138508,0.0,0.763767,0.9676938,1.769623,2.0180125,0.0,1.6581805,3.2991178,0.0,2.0626667,2.1573808,0.9878848,1.7378249,1.8734447,1.7848603,2.2790759,1.3282505,1.2707657,1.1726706,0.9838474,0.9652569,2.0575857,1.3922936,0.6210705,2.6107965,0.84392625,1.8433381,0.0,0.0,0.9050177,1.6128862,1.0695164,0.0
68,1.9855427,2.1628304,0.0,0.0,1.7865245,0.0,1.9112146,0.0,0.95673895,0.88115454,1.744463,1.9972786,0.0,1.9926853,3.3001187,0.0,2.1266866,2.0914373,1.2382435,1.2149072,1.9171944,1.9782836,2.016153,1.4020038,1.25966,1.1078664,1.0088363,0.9598177,2.091852,1.29982,0.59011644,2.3993208,0.83659655,1.9635192,0.0,0.0,0.9875437,1.746644,1.013507,0.0
69,2.0407662,2.0723925,0.0,0.0,2.0685563,0.0,1.4507374,0.0,1.1799034,0.7674,1.7755708,1.8146796,0.0,2.3553727,3.208031,0.0,2.2600582,2.068089,1.6604035,0.86867005,1.8519374,2.175802,1.7854226,1.5163422,1.2697092,1.1163071,1.2215068,0.9904478,2.101559,1.2662107,0.6598033,2.1018503,0.96255404,2.0537026,0.0,0.0,1.1765645,1.7930098,0.9791308,0.0
70,2.0295508,1.965497,0.0,0.0,2.3267016,0.0,1.0353582,0.0,1.4320316,0.62158793,1.82048,1.5016084,0.0,2.6949914,2.9157782,0.0,2.4462426,1.9944959,2.2375484,0.6615329,1.721826,2.2510247,1.4947679,1.6141053,1.2824267,1.222588,1.5668775,1.0170144,2.1141198,1.288661,0.8727797,1.7175252,1.2102262,2.0684378,0.0,0.0,1.4256022,1.7075533,0.96331686,0.0
71,1.9130582,1.8452438,0.0,0.0,2.4528873,0.0,0.8165889,0.0,1.6374823,0.5167741,1.8231486,1.1638364,0.0,2.9265637,2.4977574,0.0,2.5639644,1.8708068,2.8276,0.6897717,1.573812,2.183461,1.181989,1.6593151,1.3047189,1.3607877,2.02153,1.041981,2.135611,1.3967693,1.1535271,1.4010675,1.552458,2.030314,0.0,0.0,1.6438729,1.493273,0.9640323,0.0
72,1.8453745,1.8455713,0.0,0.0,2.4996715,0.0,0.84513474,0.0,1.8736429,0.61611396,1.8881855,1.0555414,0.0,3.1138642,2.1397078,0.0,2.6094291,1.8388742,3.3269951,0.87256426,1.639633,2.1740088,1.020421,1.7574322,1.3952719,1.512471,2.4737325,1.097288,2.2614038,1.6253333,1.4987441,1.270834,1.9643574,2.0849528,0.0,0.0,1.8304704,1.3143383,1.1206578,0.0
73,1.6987429,1.8253808,0.0,0.0,2.4454026,0.0,0.97339135,0.0,1.979935,0.7592699,1.8499259,1.024427,0.0,3.0844123,1.7994145,0.0,2.5457938,1.757736,3.6299314,1.0722556,1.7404147,2.0150173,0.87621766,1.768102,1.4555076,1.6278319,2.787387,1.1303676,2.340664,1.7794312,1.6922839,1.2948365,2.181362,2.0922647,0.0,0.0,1.9089081,1.1468112,1.2379382,0.0
74,1.5022378,1.7691243,0.0,0.0,2.315291,0.0,1.0627033,0.0,1.9970186,0.8690831,1.7244214,0.99113786,0.0,2.942072,1.4702439,0.0,2.3410027,1.6345546,3.7294443,1.1688023,1.8289579,1.8111286,0.7165533,1.70343,1.450308,1.6315334,2.903555,1.1015341,2.35754,1.8369015,1.7123243,1.3580906,2.1995897,2.057713,0.0,0.0,1.8748175,0.99324477,1.29065,0.0
75,1.3375468,1.7236418,0.0,0.0,2.2302046,0.0,1.1640544,0.0,2.0107992,0.99915975,1.5936383,0.99798685,0.0,2.7861755,1.2333928,0.0,2.1109328,1.5023062,3.7485087,1.2353227,1.9324864,1.655938,0.59593445,1.6395669,1.4682561,1.6619169,2.9234233,1.1074145,2.3731043,1.8616744,1.6540452,1.4832518,2.096175,2.069392,0.0,0.0,1.8215756,0.9148464,1.3444251,0.0
76,1.1965122,1.6634585,0.0,0.0,2.2035031,0.0,1.2769125,0.0,2.0323522,1.1510932,1.4319724,1.007461,0.0,2.611827,1.0569445,0.0,1.8492243,1.3390833,3.7160237,1.2692916,2.0325162,1.534962,0.49771428,1.5718936,1.4929653,1.6880791,2.8336205,1.1534218,2.3782191,1.8585964,1.5416318,1.6382017,1.8623475,2.1061532,0.0,0.0,1.7590636,0.9397101,1.3843824,0.0
77,1.0622324,1.5379832,0.0,0.0,2.2495964,0.0,1.3830191,0.0,2.041315,1.2922205,1.2405046,0.97389126,0.0,2.3870828,0.93454534,0.0,1.5451217,1.1375136,3.5787406,1.2708532,2.0338912,1.4668685,0.40478456,1.4836317,1.5311273,1.6743344,2.5757017,1.2289897,2.3445134,1.7898489,1.3318549,1.7545285,1.4844825,2.139798,0.0,0.0,1.6469669,1.0778008,1.4029657,0.0
78,0.9351734,1.2934763,0.0,0.0,2.358688,0.0,1.4641665,0.0,2.011239,1.3713368,1.02847,0.8540493,0.0,2.062747,0.88920265,0.0,1.2146679,0.8859508,3.2466266,1.2583525,1.8419164,1.4672967,0.33672523,1.3549461,1.5768197,1.5696617,2.0541835,1.3205607,2.2394855,1.6060063,1.00596,1.7461524,0.9459636,2.110779,0.0,0.0,1.4172289,1.3812542,1.4055448,0.0
79,1.0609719,1.0567467,0.0,0.0,2.6239233,0.0,1.7198082,0.0,2.088665,1.510227,0.95017934,0.89677227,0.0,1.7678175,1.2026776,0.0,1.1237776,0.7548895,2.7564445,1.4311023,1.536039,1.7081903,0.508652,1.3197448,1.7535962,1.476983,1.4003828,1.6156251,2.1568563,1.4741353,0.84633356,1.7029395,0.40743798,2.12228,0.0,0.0,1.2158031,1.9667926,1.4965537,0.0
80,1.3788624,0.88617456,0.0,0.0,2.7576647,0.0,1.9628923,0.0,2.1415284,1.6044679,1.1143333,1.080661,0.0,1.5282604,1.7635307,0.0,1.2865207,0.8544076,2.2291715,1.7574053,1.1474881,2.0271876,0.955968,1.3817217,1.9794472,1.3541058,0.80656576,1.9097178,2.080191,1.3738314,0.9414263,1.627898,0.20831482,2.111796,0.0,0.0,1.0306265,2.6537442,1.588272,0.0
81,1.6788986,0.8409571,0.0,0.0,2.6748943,0.0,2.0685215,0.0,2.1463828,1.5311964,1.4029163,1.2824451,0.0,1.4255575,2.2936459,0.0,1.6077732,1.0817986,1.796147,2.0618193,0.7948257,2.2594643,1.3992863,1.4387772,2.085172,1.1923699,0.47047645,1.9687494,2.0057871,1.3266486,1.1925014,1.4657011,0.33564627,2.0349317,0.0,0.0,0.8997564,3.075662,1.6193386,0.0
82,1.9240096,0.8829989,0.0,0.0,2.4624014,0.0,2.1131263,0.0,2.16216,1.4194094,1.7471827,1.5113493,0.0,1.4995933,2.7107477,0.0,1.9949654,1.4161618,1.6047199,2.319163,0.5840953,2.4351523,1.776988,1.5404999,2.1668787,1.0626179,0.43843895,1.9243568,2.042328,1.3956972,1.5178884,1.3571701,0.68035257,2.0316806,0.0,0.0,0.8412899,3.2720094,1.6489466,0.0
83,2.1793978,1.0017365,0.0,0.0,2.1761668,0.0,2.1035872,0.0,2.2438674,1.319874,2.0825653,1.7037648,0.0,1.6586678,3.0226495,0.0,2.3278697,1.7160249,1.6081926,2.6144965,0.53138846,2.5488932,2.0560029,1.6241939,2.2335932,1.0322772,0.60937065,1.7947574,2.1461957,1.516703,1.8481724,1.3177018,1.0994846,2.0725808,0.0,0.0,0.8256773,3.3245373,1.6853575,0.0
84,2.3915505,1.154,0.0,0.0,1.726846,0.0,1.9716849,0.0,2.357162,1.2311591,2.4032156,1.8278683,0.0,1.8031317,3.185234,0.0,2.5630908,1.976117,1.7048734,2.8996828,0.6008038,2.569387,2.217213,1.6990049,2.2564778,1.0495907,0.8813011,1.5763843,2.2340422,1.657465,2.1112258,1.3409271,1.5028821,2.1197739,0.0,0.0,0.7978898,3.2266014,1.6858114,0.0
85,2.501754,1.3504102,0.0,0.0,1.1277299,0.0,1.7074894,0.0,2.4715717,1.139216,2.6146522,1.8681647,0.0,1.8881798,3.1706326,0.0,2.6612666,2.1599336,1.8302753,3.2204168,0.8340619,2.4077497,2.231372,1.7341065,2.1904578,1.1666776,1.2498627,1.2691065,2.242647,1.7876344,2.25608,1.4418054,1.8717402,2.1320922,0.0,0.0,0.7699861,2.9221532,1.6749908,0.0
86,2.3893764,1.5120242,0.0,0.0,0.44045275,0.0,1.2451032,0.0,2.4692605,1.0507584,2.5851228,1.7003018,0.0,1.7881399,2.8810327,0.0,2.4410293,2.1038432,1.8754251,3.3669405,1.2060548,2.0313797,1.9699218,1.5902915,1.9675707,1.4158508,1.627806,0.93105906,2.0271475,1.8184613,2.1885622,1.5908511,2.019984,2.0085902,0.0,0.0,0.75228685,2.2965508,1.5784001,0.0
87,2.104637,1.5971891,0.0,0.0,0.0,0.0,0.6903158,0.0,2.297031,0.9240709,2.2313612,1.3876672,0.0,1.4808078,2.4149559,0.0,1.9547051,1.747456,1.7663482,3.3198411,1.6196581,1.512335,1.4470594,1.3362375,1.6042606,1.736781,1.8096653,0.746418,1.5923778,1.6824738,1.8403884,1.7427506,1.8742887,1.7469047,0.0,0.0,0.72215587,1.5261382,1.4062777,0.0
88,1.8569709,1.7146695,0.0,0.0,0.0,0.0,0.35243276,0.0,2.1233273,0.8834047,1.8410517,1.1618768,0.0,1.1741691,2.1352482,0.0,1.5404134,1.3738838,1.6565868,3.2337625,1.964174,1.1708516,0.98685324,1.1301935,1.348276,2.0471313,1.8502464,0.86193424,1.1728932,1.5278552,1.5173496,1.9035039,1.6811916,1.5337168,0.0,0.0,0.7566431,0.9717152,1.2814529,0.0
89,1.6870816,1.795535,0.0,0.0,0.13428481,0.0,0.17846255,0.0,1.9511737,0.8433147,1.4905286,1.0347791,0.0,0.8508871,2.0646522,0.0,1.2290509,1.0467743,1.5067796,3.1174018,2.1920261,0.9735964,0.6252862,0.9481744,1.1778091,2.3067272,1.7666414,1.1069964,0.82654953,1.3066323,1.2181609,2.0245585,1.4706669,1.3667504,0.0,0.0,0.79924536,0.64262646,1.2302371,0.0
90,1.5882906,1.834965,0.0,0.0,0.5546138,0.0,0.19071554,0.0,1.7821957,0.74435455,1.231956,0.9921206,0.0,0.5726753,2.149314,0.0,0.98412627,0.76002383,1.2603389,2.9433427,2.2344747,0.9195648,0.3322103,0.75698227,1.03252,2.4500227,1.5293069,1.4002852,0.5314226,1.0595303,0.9972039,2.0478332,1.228995,1.2396076,0.0,0.0,0.8639395,0.49903676,1.2012898,0.0
91,1.5426418,1.790325,0.0,0.0,1.0103502,0.0,0.32913533,0.0,1.5501574,0.55573475,1.0529187,1.0281341,0.0,0.2971294,2.2811155,0.0,0.7895015,0.535059,0.8889419,2.6282773,2.1004841,0.9148807,0.15957463,0.541366,0.8524389,2.390368,1.1312238,1.6173128,0.3129134,0.7595661,0.80893683,1.9513927,0.963322,1.1027261,0.0,0.0,0.91628855,0.4843622,1.1809902,0.0
92,1.6135037,1.7978587,0.0,0.0,1.4700764,0.0,0.67540956,0.0,1.374686,0.4062646,1.0218662,1.2436272,0.0,0.1841645,2.5188146,0.0,0.7500892,0.54571295,0.64342046,2.2739446,1.8752044,1.0407828,0.25404775,0.41194427,0.7953994,2.1556518,0.78900105,1.8715436,0.29145548,0.5655655,0.8144314,1.8891075,0.9170285,1.0858786,0.0,0.0,1.0251594,0.6341866,1.1772734,0.0
93,1.7164323,1.8240021,0.0,0.0,1.8139571,0.0,1.1427637,0.0,1.2513129,0.31729954,1.072742,1.5287844,0.0,0.26099235,2.7765026,0.0,0.8219346,0.7397214,0.465094,1.9155924,1.6272882,1.2354566,0.53347003,0.39058954,0.8204718,1.8325906,0.5642973,2.0913846,0.40944624,0.4896313,0.98103315,1.8712742,1.0253857,1.1956513,0.0,0.0,1.2224417,0.8051433,1.2058613,0.0
94,1.7902267,1.8740808,0.0,0.0,2.0295756,0.0,1.63863,0.0,1.205485,0.35240883,1.1451565,1.8472244,0.0,0.43509093,3.0264192,0.0,0.97019285,1.070148,0.39154813,1.6518445,1.47338,1.3806138,0.943644,0.49005497,0.8707254,1.42702,0.46317416,2.3584118,0.61003673,0.5482812,1.2085519,1.9223297,1.2412444,1.3836709,0.0,0.0,1.4439546,0.93884677,1.2888455,0.0
95,1.8704398,1.9415457,0.0,0.0,2.001135,0.0,2.0284874,0.0,1.1724739,0.5050251,1.2309036,2.0892756,0.0,0.64054847,3.0566993,0.0,1.1158807,1.4773328,0.40946457,1.3980272,1.3712307,1.4200726,1.5139189,0.68928796,0.8827963,1.0073562,0.44332403,2.5218227,0.7868376,0.7263047,1.4244522,2.031404,1.5302409,1.5462147,0.0,0.0,1.6674368,1.0511804,1.3435415,0.0
96,1.8787413,1.9722859,0.0,0.0,1.7970375,0.0,2.2765439,0.0,1.1501735,0.78092605,1.2624491,2.2268763,0.0,0.8433078,2.8815403,0.0,1.2425542,1.8611465,0.49689016,1.2269282,1.3400071,1.3279629,2.1283152,0.9616952,0.8558917,0.6664431,0.51635486,2.6415355,0.8742086,0.9900803,1.5958322,2.13456,1.7841763,1.6371207,0.0,0.0,1.8727943,1.1049309,1.3589553,0.0
97,1.7406459,1.8577191,0.0,0.0,1.4355643,0.0,2.274014,0.0,1.043615,1.1085256,1.1670034,2.1641068,0.0,0.93895423,2.435791,0.0,1.2684916,2.080878,0.5869371,1.0847551,1.3282762,1.0756408,2.579713,1.2188382,0.73213995,0.4120549,0.5970989,2.6496258,0.7662321,1.224518,1.579717,2.1327386,1.8906082,1.5543491,0.0,0.0,1.9431074,1.0740246,1.2745296,0.0
98,1.4932182,1.690015,0.0,0.0,1.1105447,0.0,2.0932102,0.0,0.9281422,1.4404094,0.9619611,1.9994297,0.0,0.9946901,1.9191382,0.0,1.3083757,2.1070952,0.70178246,1.0635246,1.3464738,0.7904698,2.8136668,1.4405656,0.6157656,0.36507908,0.7064508,2.6065493,0.55231106,1.4315245,1.4833177,2.0650203,1.8657428,1.3978623,0.0,0.0,1.9114538,1.014455,1.1489601,0.0
99,1.2460922,1.5301199,0.0,0.0,0.9329333,0.0,1.8483893,0.0,0.7879143,1.8100019,0.774123,1.8787807,0.0,1.0417892,1.4725974,0.0,1.3960238,1.9972218,0.84839934,1.1641618,1.4533781,0.6008354,2.8761857,1.6186013,0.59111327,0.5546465,0.8846028,2.5622792,0.32215893,1.6412044,1.3992926,2.0032423,1.8074416,1.2660577,0.0,0.0,1.8221073,0.9872475,1.0284116,0.0
100,0.99203795,1.4084648,0.0,0.0,0.9034978,0.0,1.6275879,0.0,0.6309292,2.1311316,0.59024096,1.8320321,0.0,1.0830777,1.1225045,0.0,1.5522714,1.7859846,1.0109228,1.348678,1.5959556,0.54892206,2.708481,1.7642795,0.64810574,0.86289215,1.1241388,2.5250974,0.109609,1.8251355,1.3263689,1.9525146,1.7633873,1.120309,0.0,0.0,1.6974992,0.9964355,0.91752464,0.0
101,0.74814177,1.3509867,0.0,0.0,1.0259322,0.0,1.4738351,0.0,0.4857287,2.4150503,0.46786514,1.9809328,0.0,1.2019231,1.0165621,0.0,1.8090394,1.5493633,1.1851535,1.6225638,1.7827648,0.6742379,2.3368766,1.8466156,0.87796974,1.2609348,1.4717017,2.4894583,0.011845045,2.0572758,1.2890987,1.9832001,1.7765731,1.0096573,0.0,0.0,1.526911,1.0805856,0.8491979,0.0
102,0.6207483,1.3826737,0.0,0.0,1.2386494,0.0,1.4552019,0.0,0.4537653,2.604666,0.46233237,2.31657,0.0,1.3848078,1.1360167,0.0,2.0333884,1.3357265,1.3633974,1.8526236,2.0428333,0.974857,1.8247848,1.8426132,1.2744623,1.6920725,1.8576583,2.3658283,0.12724859,2.2894986,1.354046,2.0811353,1.9018017,1.0684918,0.0,0.0,1.3567077,1.1864105,0.8861641,0.0
103,0.76004493,1.5853518,0.0,0.0,1.487314,0.0,1.6017599,0.0,0.6320747,2.7009475,0.6746248,2.8106294,0.0,1.717126,1.5589478,0.0,2.346472,1.2819241,1.6408697,2.104225,2.331521,1.4702257,1.3829782,1.8190851,1.8393451,2.1045911,2.2736435,2.191371,0.5560589,2.5746164,1.6197652,2.3439875,2.1591458,1.2937022,0.0,0.0,1.3208137,1.400521,1.046461,0.0
104,0.977266,1.7970107,0.0,0.0,1.5802331,0.0,1.7685809,0.0,0.8680537,2.6955566,0.9641468,3.2151904,0.0,1.9563287,2.0042946,0.0,2.5029497,1.2948108,1.8238367,2.220386,2.5235958,1.8597685,1.0460203,1.7053106,2.2829173,2.3413754,2.5481172,1.9380851,1.0633218,2.786333,1.9045485,2.5605845,2.3978603,1.5903271,0.0,0.0,1.3140959,1.5463967,1.2637585,0.0
105,1.2493488,1.9917048,0.0,0.0,1.5416092,0.0,1.9217888,0.0,1.1662391,2.6842854,1.2580636,3.5205483,0.0,2.1305907,2.366016,0.0,2.5483146,1.3871646,1.933546,2.260833,2.6698437,2.0955036,0.8975839,1.5823114,2.5906825,2.4555626,2.691745,1.6881949,1.5661328,2.9635017,2.176445,2.7365088,2.6173518,1.871831,0.0,0.0,1.3772594,1.6710991,1.5123264,0.0
106,1.5278393,2.18763,0.0,0.0,1.4647831,0.0,2.114245,0.0,1.5285331,2.7302194,1.5676445,3.7378354,0.0,2.279289,2.663435,0.0,2.5810306,1.5208699,2.0520985,2.3322842,2.8264809,2.241741,0.9358985,1.5262737,2.8601048,2.5087388,2.7998464,1.6025468,2.0794978,3.1488225,2.4840295,2.8471594,2.8454587,2.1441517,0.0,0.0,1.5055237,1.8327389,1.80328,0.0
107,1.7693405,2.2507446,0.0,0.0,1.2872857,0.0,2.2551987,0.0,1.9355612,2.8482888,1.8579347,3.7550683,0.0,2.3300326,2.7999783,0.0,2.5152996,1.6034296,2.1203966,2.2959006,2.908011,2.1788292,1.0696111,1.4609388,2.983837,2.4995582,2.815278,1.4699845,2.5803254,3.2355175,2.7582483,2.7647753,3.0125272,2.3550503,0.0,0.0,1.5791726,2.0117848,2.099633,0.0
108,1.9741476,2.1457915,0.0,0.0,1.1008666,0.0,2.2760503,0.0,2.3514113,2.9337232,2.0945008,3.446788,0.0,2.2823083,2.6980817,0.0,2.3970191,1.5710638,2.2006328,2.2199605,2.8564787,1.8798568,1.3265717,1.4322499,2.892231,2.4037724,2.6484032,1.3922712,3.0206997,3.1591113,2.9354753,2.3994133,3.0880382,2.3691993,0.0,0.0,1.5946963,2.2674282,2.368636,0.0
109,2.003728,1.7097535,0.0,0.0,0.99944437,0.0,2.0989761,0.0,2.6348553,2.8283556,2.1923196,2.635355,0.0,2.020072,2.3079987,0.0,2.1952498,1.3116899,2.0910203,2.0590487,2.507722,1.3524299,1.607872,1.3883337,2.4338434,2.15434,2.2731376,1.3287513,3.2258084,2.7399907,2.8755252,1.549232,2.8260577,2.073863,0.0,0.0,1.4590921,2.478123,2.5435593,0.0
110,1.9164851,1.2439489,0.0,0.0,1.1842561,0.0,1.9192413,0.0,2.6705482,2.5619664,2.1782491,1.780919,0.0,1.6749502,1.9201237,0.0,2.1488802,0.98437405,1.983259,2.0405064,2.0268338,0.9438999,1.8889296,1.4395645,1.8627106,1.8808886,1.8756164,1.3905503,3.1484478,2.1668499,2.661674,0.72786546,2.4100575,1.6222515,0.0,0.0,1.26939,2.616946,2.5674543,0.0
111,1.748373,0.9128811,0.0,0.0,1.4375334,0.0,1.7614119,0.0,2.483158,2.2562206,2.0651932,1.2113324,0.0,1.3917801,1.6302844,0.0,2.2264717,0.74506176,1.8964385,2.1420405,1.5808967,0.76748186,2.0427558,1.5180397,1.4236393,1.650618,1.5992041,1.4743233,2.8646595,1.7220867,2.3800623,0.21064799,2.0531723,1.1809174,0.0,0.0,1.0909909,2.6177084,2.4802694,0.0
112,1.6398575,0.7785035,0.0,0.0,1.6481218,0.0,1.7400794,0.0,2.2291272,2.0515654,2.0024798,1.0010146,0.0,1.2242688,1.5408057,0.0,2.469974,0.58856344,1.8494618,2.360916,1.3059494,0.79395765,2.1539905,1.6482925,1.2765886,1.5963445,1.5644941,1.5823032,2.6167154,1.5098361,2.2044058,0.03561333,1.8842599,0.9001048,0.0,0.0,0.9838473,2.571279,2.4282777,0.0
113,1.4679354,0.7217631,0.0,0.0,1.7335528,0.0,1.7496209,0.0,1.8777341,1.8484985,1.8975931,0.9579823,0.0,1.0791442,1.464966,0.0,2.7521622,0.44713104,1.7466861,2.618502,1.0554444,0.9000097,2.177542,1.7637595,1.2209111,1.553685,1.5459025,1.6582974,2.2802155,1.421204,2.010185,0.054838896,1.7684568,0.5692384,0.0,0.0,0.8926452,2.4410348,2.3132303,0.0
114,1.3338668,0.85941136,0.0,0.0,1.6833129,0.0,1.8339837,0.0,1.4486294,1.7177844,1.7770123,1.1357735,0.0,0.9702469,1.4131643,0.0,3.0969336,0.38085157,1.6570491,2.9771955,0.9114191,1.1397837,2.2114375,1.93345,1.333426,1.5732751,1.563445,1.776807,1.8486264,1.5003773,1.8388382,0.38662758,1.7879583,0.2714322,0.0,0.0,0.86526704,2.1969504,2.1495283,0.0
115,1.3564173,1.2888427,0.0,0.0,1.5364261,0.0,2.0391088,0.0,1.0856138,1.7245471,1.7022287,1.5827103,0.0,0.97928333,1.5559586,0.0,3.4588544,0.5051043,1.635741,3.3932698,0.9527677,1.5068119,2.262079,2.1684997,1.6850594,1.6781235,1.6961386,1.9525863,1.4221276,1.845395,1.7579033,1.2302101,1.9385024,0.23242582,0.0,0.0,0.9909172,1.8850596,1.9632705,0.0
116,1.3424729,1.7074134,0.0,0.0,1.2023842,0.0,2.0637965,0.0,0.72170174,1.694432,1.4786423,1.9449741,0.0,0.96209055,1.6602402,0.0,3.4106328,0.65983546,1.499672,3.4489646,1.031185,1.7202667,2.108636,2.1726456,1.9296885,1.6756804,1.6230719,1.9574767,0.88565195,2.109722,1.572593,2.1435852,1.9737189,0.30401435,0.0,0.0,1.1251593,1.3579214,1.5833868,0.0
117,1.4320414,2.0613303,0.0,0.0,0.9823158,0.0,2.009773,0.0,0.58839107,1.7395346,1.3162254,2.1680322,0.0,1.0149215,1.8052481,0.0,3.1716726,0.87884665,1.4572678,3.3213217,1.1994982,1.8095604,1.974505,2.1026094,2.095947,1.6663738,1.5179353,1.948135,0.5474966,2.2805984,1.4640088,2.8606672,1.9902016,0.5364107,0.0,0.0,1.2681468,0.9650147,1.2851359,0.0
118,1.5444118,2.2975452,0.0,0.0,0.9076111,0.0,1.933436,0.0,0.60575944,1.8160954,1.2117901,2.2219565,0.0,1.0575033,1.9186863,0.0,2.9292436,1.0396571,1.4608566,3.1529088,1.3643894,1.7729082,1.8689423,2.0370364,2.1337712,1.654735,1.328415,1.9254655,0.34468403,2.3129573,1.4025459,3.2925994,1.9399176,0.723137,0.0,0.0,1.3274283,0.7461795,1.0773126,0.0
119,1.6370211,2.4562552,0.0,0.0,0.90197235,0.0,1.843862,0.0,0.65399534,1.9447677,1.1702929,2.1643798,0.0,1.0579572,1.9888148,0.0,2.6691437,1.1198722,1.4730865,2.951959,1.4898056,1.6274148,1.7912681,1.9479883,2.093588,1.6079444,1.1124277,1.8867682,0.21175623,2.2280707,1.3310715,3.528339,1.8609278,0.8332148,0.0,0.0,1.3634677,0.63410443,0.9131802,0.0
120,1.7515175,2.5783455,0.0,0.0,0.9945157,0.0,1.7500082,0.0,0.7019476,2.0992153,1.164239,1.986308,0.0,1.0386133,2.0461245,0.0,2.4218798,1.1158917,1.5196065,2.7012007,1.5863036,1.4030373,1.7299395,1.8553185,2.0026228,1.56678,0.82903713,1.8108565,0.117483646,2.0069432,1.2858276,3.6361895,1.7337602,0.8610728,0.0,0.0,1.324682,0.6261657,0.7822602,0.0
121,1.8900068,2.6267626,0.0,0.0,1.2333758,0.0,1.6465307,0.0,0.7628578,2.2738018,1.2058343,1.6635045,0.0,1.0075864,2.102442,0.0,2.1374881,1.0109141,1.5897602,2.3352163,1.6373862,1.0569001,1.6479738,1.7356539,1.8265129,1.4835314,0.4540891,1.6928097,0.09842145,1.5732411,1.2289158,3.545598,1.5069581,0.80074006,0.0,0.0,1.1997105,0.7639688,0.69189,0.0
122,2.032819,2.5137618,0.0,0.0,1.6983304,0.0,1.5611686,0.0,0.9258459,2.4526594,1.4113828,1.1811572,0.0,1.0163425,2.1859815,0.0,1.8333333,0.84878147,1.7978789,1.8056257,1.6697651,0.6264629,1.5584078,1.6009567,1.56603,1.3566881,0.104022205,1.5009488,0.36900955,0.86130124,1.2835549,3.0509672,1.2128918,0.70658123,0.0,0.0,0.93335813,1.2160224,0.7309547,0.0
123,2.0781639,2.1842377,0.0,0.0,2.3105924,0.0,1.6157051,0.0,1.2950615,2.429359,1.6977037,0.83147013,0.0,1.1748929,2.31847,0.0,1.7736685,0.7446964,2.0894866,1.4145072,1.6279534,0.47005904,1.5202429,1.5801327,1.3714982,1.2752712,0.1538158,1.3369247,1.0693456,0.2963379,1.508891,2.2043304,1.0578502,0.735453,0.0,0.0,0.6959215,1.9593887,1.061906,0.0
124,2.039351,1.8520153,0.0,0.0,2.64258,0.0,1.7682308,0.0,1.594777,2.2979121,1.9570488,0.82874167,0.0,1.3907564,2.4639778,0.0,1.9579,0.7547535,2.3191042,1.3597419,1.5706097,0.6337388,1.5488393,1.6502686,1.3252251,1.2600704,0.49202675,1.2928774,1.7629658,0.19008456,1.7731472,1.5513296,1.1368188,0.85537267,0.0,0.0,0.65341014,2.5750706,1.4571126,0.0
125,2.1180472,1.7564965,0.0,0.0,2.7819285,0.0,1.9892406,0.0,1.7931327,2.2620475,2.1786735,0.9427756,0.0,1.518101,2.5776737,0.0,2.1657703,0.8470748,2.5350947,1.4670423,1.5381329,0.837842,1.7225401,1.7954254,1.5000371,1.3476174,0.85929424,1.40894,2.3000116,0.26143444,2.0947382,1.219507,1.2890254,1.0499574,0.0,0.0,0.7168151,3.02669,1.8101819,0.0
126,2.1659849,1.7125592,0.0,0.0,2.7743154,0.0,2.1713912,0.0,1.9018372,2.242203,2.329242,1.1226319,0.0,1.6102334,2.6827216,0.0,2.4144397,0.96466714,2.635723,1.6931677,1.5052444,1.0599934,1.9344494,1.9728045,1.7047802,1.3959131,1.1635113,1.5041085,2.6513178,0.4353758,2.328617,1.0713483,1.4508842,1.1580839,0.0,0.0,0.8067768,3.3528256,2.084194,0.0
127,2.1884396,1.702388,0.0,0.0,2.6480908,0.0,2.3208864,0.0,1.9345793,2.253017,2.4146075,1.3090523,0.0,1.6321702,2.7260323,0.0,2.637384,1.0695434,2.6383007,1.9462335,1.4371488,1.2420686,2.1615894,2.1468742,1.9258956,1.4217193,1.3934062,1.5874578,2.8857768,0.63959354,2.510195,0.98691624,1.5852131,1.216246,0.0,0.0,0.90528107,3.5844233,2.3107183,0.0
128,2.1595452,1.6797786,0.0,0.0,2.4088867,0.0,2.418374,0.0,1.8964955,2.2644522,2.4216802,1.5004612,0.0,1.5962036,2.6782289,0.0,2.8139102,1.168906,2.529157,2.2001157,1.3163546,1.3753312,2.3825283,2.3043506,2.1368845,1.3779248,1.5476397,1.6476535,3.0230129,0.875557,2.6222868,0.9256399,1.6897092,1.2359778,0.0,0.0,1.0195802,3.7076354,2.474144,0.0
129,2.1195366,1.6800721,0.0,0.0,2.1191573,0.0,2.4852962,0.0,1.833517,2.297202,2.3707678,1.7575582,0.0,1.5671649,2.5697205,0.0,2.9742606,1.3203712,2.4037707,2.4409218,1.1869565,1.5220572,2.6212525,2.4674637,2.366915,1.3120018,1.7067225,1.7266637,3.1207354,1.2159725,2.7343953,0.94237775,1.8294429,1.3073922,0.0,0.0,1.2016115,3.7213209,2.608155,0.0
130,2.0313175,1.652897,0.0,0.0,1.8309351,0.0,2.4677298,0.0,1.7615138,2.30125,2.2325733,2.079223,0.0,1.5760192,2.3376915,0.0,3.048609,1.5414388,2.2814698,2.5419965,1.0660329,1.6611001,2.785364,2.57285,2.5264986,1.2082187,1.8862858,1.8006524,3.180916,1.664104,2.8090823,1.0119915,2.0161016,1.46765,0.0,0.0,1.4578104,3.5246615,2.680946,0.0
131,1.7677009,1.4736916,0.0,0.0,1.6192393,0.0,2.285953,0.0,1.6340543,2.1040943,1.9347029,2.3216782,0.0,1.6147425,1.8612765,0.0,2.8870182,1.7603244,2.185076,2.3208425,0.9476631,1.7190145,2.624684,2.4898343,2.411286,0.9550338,2.0210698,1.7860787,3.151664,2.0961585,2.7087243,1.040982,2.1455727,1.6992844,0.0,0.0,1.7112889,2.9520712,2.5275328,0.0
132,1.4276999,1.2091606,0.0,0.0,1.6969626,0.0,1.9734504,0.0,1.6007365,1.685688,1.5805072,2.3550282,0.0,1.7670785,1.3219297,0.0,2.4504173,1.9303908,2.2945979,1.7343702,0.9550341,1.7351797,2.0690312,2.2139182,1.988731,0.6932097,2.175889,1.6816195,2.9905279,2.4249616,2.4511287,1.1164293,2.2096813,1.9792068,0.0,0.0,1.9030687,2.0389924,2.1438236,0.0
133,1.345569,1.1916811,0.0,0.0,2.085656,0.0,1.8497185,0.0,1.8390287,1.3905947,1.4631213,2.31363,0.0,2.1357234,1.227403,0.0,2.123429,2.0810885,2.7725208,1.3187184,1.3117578,1.8702432,1.50335,2.0008793,1.5722913,0.7950371,2.4689045,1.7333484,2.82094,2.6288893,2.3106925,1.4137566,2.3365972,2.3061671,0.0,0.0,2.0470822,1.3814164,1.8537828,0.0
134,1.3875709,1.3009343,0.0,0.0,2.3720782,0.0,1.8167793,0.0,2.0743432,1.2297128,1.4738773,2.1577668,0.0,2.3529203,1.322365,0.0,1.9093943,2.0539672,3.1612842,1.1241018,1.6644434,1.986605,1.1324556,1.8729132,1.366372,0.975858,2.6459403,1.8012842,2.664643,2.605434,2.2131414,1.7093525,2.367966,2.4561908,0.0,0.0,2.023351,1.0472413,1.6664716,0.0
135,1.4257871,1.3673705,0.0,0.0,2.4699378,0.0,1.8049772,0.0,2.216715,1.1052797,1.4384577,1.9639746,0.0,2.3979208,1.4069262,0.0,1.7445028,1.9866647,3.36805,1.0416173,1.8611077,2.0417259,0.92684466,1.7884794,1.2726446,1.1139412,2.731563,1.8307045,2.523445,2.5015256,2.1278968,1.8351548,2.309186,2.4611213,0.0,0.0,1.9322236,0.8860624,1.5793196,0.0
136,1.465142,1.4093137,0.0,0.0,2.4634776,0.0,1.8119013,0.0,2.3171513,0.9924918,1.3495473,1.785894,0.0,2.3707001,1.4728521,0.0,1.615211,1.9168608,3.4759538,1.0498604,1.9605914,2.0998676,0.8170229,1.7519474,1.2510446,1.2057304,2.7735982,1.8700836,2.4033613,2.4180722,2.051423,1.8817055,2.2229412,2.4266288,0.0,0.0,1.835302,0.7969747,1.5416404,0.0
137,1.4799248,1.4157854,0.0,0.0,2.3824615,0.0,1.8144218,0.0,2.3811045,0.85715586,1.2154258,1.6106753,0.0,2.2991004,1.5169028,0.0,1.4863424,1.871012,3.4991043,1.0920266,1.9827945,2.15826,0.75839585,1.730011,1.2501742,1.23165,2.762798,1.9026967,2.2726767,2.348295,1.960693,1.8721359,2.100311,2.3534226,0.0,0.0,1.7476615,0.74140304,1.5214595,0.0
138,1.5012765,1.4097459,0.0,0.0,2.2799335,0.0,1.8275446,0.0,2.4162965,0.70560175,1.0299069,1.4604269,0.0,2.217384,1.590789,0.0,1.3585843,1.8693221,3.4664075,1.1890484,1.9517691,2.2395673,0.74779195,1.7220576,1.2677782,1.2451382,2.7328892,1.9506333,2.1487672,2.2976582,1.8533927,1.8427074,1.9509044,2.2879496,0.0,0.0,1.6639681,0.71566445,1.5310452,0.0
139,1.5343409,1.3857167,0.0,0.0,2.2315166,0.0,1.8549939,0.0,2.4197004,0.5206183,0.75569534,1.3632199,0.0,2.150277,1.7420218,0.0,1.2724367,1.9298033,3.3655396,1.3481112,1.8403262,2.3506303,0.77631557,1.740125,1.2817723,1.2240076,2.6581314,2.0312808,2.0283716,2.2609873,1.7090138,1.7892168,1.7568535,2.2327294,0.0,0.0,1.5666025,0.7609825,1.576696,0.0
140,1.6361511,1.4092999,0.0,0.0,2.2608209,0.0,1.948175,0.0,2.3932824,0.3724684,0.5695076,1.3654189,0.0,2.169027,2.0554814,0.0,1.2872157,2.1492312,3.2607646,1.5678184,1.7206627,2.538019,0.9231009,1.7912405,1.376183,1.2524943,2.6008203,2.1158407,2.0006013,2.2369645,1.5933015,1.7850039,1.6296691,2.2781074,0.0,0.0,1.4875613,0.94839245,1.7073942,0.0
141,1.7429562,1.3868802,0.0,0.0,2.3596528,0.0,2.0835493,0.0,2.240053,0.23649283,0.42631283,1.4920056,0.0,2.2574503,2.4624362,0.0,1.3606508,2.4184396,3.0201015,1.7335457,1.4995986,2.7014108,1.1185987,1.800416,1.4188219,1.2506379,2.4699028,2.1478252,2.0142624,2.1707373,1.468174,1.7725849,1.4487137,2.376604,0.0,0.0,1.4176941,1.2694414,1.7973014,0.0
142,1.7631079,1.2887468,0.0,0.0,2.4633436,0.0,2.1348395,0.0,1.8610314,0.127346,0.39273247,1.6735492,0.0,2.3133428,2.7927735,0.0,1.4592481,2.5946171,2.5823936,1.6966312,1.1726161,2.6806238,1.2628846,1.6857891,1.3548049,1.1848652,2.1999774,1.9986242,2.0043466,1.9591883,1.2687926,1.6898608,1.239924,2.3946667,0.0,0.0,1.2958302,1.6461871,1.7607139,0.0
143,1.761427,1.2644384,0.0,0.0,2.602441,0.0,2.1738458,0.0,1.4715624,0.20970412,0.6021676,1.9614038,0.0,2.4069984,3.030643,0.0,1.7100923,2.6688967,2.215993,1.5496908,0.94785446,2.542487,1.4329703,1.564661,1.3204671,1.1540209,1.9698153,1.7844639,2.0719497,1.7703032,1.2142922,1.6826508,1.2230966,2.411313,0.0,0.0,1.2423542,2.0344458,1.6777271,0.0
144,1.7146161,1.3016858,0.0,0.0,2.6927993,0.0,2.1641216,0.0,1.1931345,0.36019152,0.904422,2.2028751,0.0,2.463744,3.0690932,0.0,1.9552071,2.6027792,1.955579,1.3156077,0.8585388,2.3335776,1.5135167,1.4560292,1.297719,1.1587949,1.840259,1.5651494,2.122521,1.64603,1.2218435,1.7381835,1.3483659,2.3839927,0.0,0.0,1.2392743,2.2831104,1.5761214,0.0
145,1.6475374,1.3512703,0.0,0.0,2.7444885,0.0,2.114449,0.0,0.99073875,0.5064593,1.1839496,2.3663976,0.0,2.4535687,2.9921045,0.0,2.115337,2.4960687,1.8182997,1.0848192,0.86705905,2.1017754,1.5432186,1.3561549,1.2815759,1.1820916,1.8072292,1.3771135,2.141601,1.5816418,1.2692026,1.8030488,1.5049706,2.3495643,0.0,0.0,1.2569507,2.3725178,1.4409037,0.0
146,1.5850115,1.4262546,0.0,0.0,2.7795036,0.0,2.027869,0.0,0.8594602,0.6439275,1.4309701,2.5006135,0.0,2.375896,2.8495355,0.0,2.2050402,2.3774018,1.7403771,0.8737946,0.9493292,1.8738364,1.574147,1.2658257,1.2964665,1.2615263,1.8649628,1.2546691,2.115442,1.6006331,1.3437926,1.8940911,1.7109112,2.3382878,0.0,0.0,1.2950257,2.376801,1.3219441,0.0
147,1.472388,1.4752592,0.0,0.0,2.696738,0.0,1.8122127,0.0,0.742995,0.6940996,1.5775219,2.5535967,0.0,2.1251462,2.5800796,0.0,2.1637087,2.17299,1.5838088,0.65763545,1.0433713,1.6032368,1.5663929,1.1060951,1.3209263,1.340553,1.9158311,1.1521932,1.9644974,1.6458317,1.3624039,1.9732001,1.8532189,2.2397237,0.0,0.0,1.3132879,2.2548728,1.1168689,0.0
148,1.4548872,1.5595866,0.0,0.0,2.544691,0.0,1.4808758,0.0,0.7595526,0.83032745,1.7332878,2.5734377,0.0,1.6973696,2.330655,0.0,2.0514278,1.9511007,1.4158252,0.67427295,1.2815096,1.3889312,1.6359646,0.97593427,1.4770043,1.5259867,1.9945385,1.2400197,1.7088188,1.8345209,1.4417803,2.1630244,2.0818274,2.1180975,0.0,0.0,1.3738598,2.1119592,0.9282413,0.0
149,1.5860819,1.7297974,0.0,0.0,2.1685882,0.0,1.0963885,0.0,1.038169,1.1486874,1.8304546,2.5371947,0.0,0.97873634,2.1024697,0.0,1.8624349,1.6710489,1.232564,1.108197,1.7008872,1.1731656,1.8348517,0.92089057,1.7856045,1.7498763,2.106214,1.5814679,1.3783607,2.1035407,1.6275173,2.4173875,2.2706568,1.8645046,0.0,0.0,1.458613,1.9318395,0.83202237,0.0
150,1.7685038,1.7142227,0.0,0.0,1.585132,0.0,0.7331114,0.0,1.4470116,1.424536,1.7841841,2.2592618,0.0,0.2946538,1.9493237,0.0,1.5246174,1.3540504,0.9883294,1.8043766,1.9937952,1.0538602,1.9033628,0.94689846,2.0476937,1.7413284,2.010382,1.9012232,1.0766927,2.2095735,1.7622365,2.4893699,2.1428018,1.4922996,0.0,0.0,1.4487705,1.7858152,0.890354,0.0
151,1.9141636,1.6398523,0.0,0.0,1.2075208,0.0,0.5678536,0.0,1.7386814,1.5759318,1.7244247,2.0465808,0.0,0.06435693,2.0240927,0.0,1.3409429,1.2918074,0.89132035,2.391994,2.074193,1.0950041,1.9168313,1.0070009,2.1384666,1.6381946,1.8673098,2.0596554,0.995974,2.177218,1.8631766,2.4666786,1.9237903,1.2827713,0.0,0.0,1.3729867,1.8324904,1.0121603,0.0
152,1.972749,1.4904654,0.0,0.0,0.98391974,0.0,0.4859374,0.0,1.8494092,1.5744219,1.6962802,1.9240142,0.0,0.10227865,2.1813376,0.0,1.2550611,1.3676136,0.7794464,2.677947,2.0088637,1.1528163,1.8377986,0.9996505,2.0748,1.4638188,1.6959375,2.005476,1.0117182,2.0842438,1.8892537,2.3966327,1.7283492,1.1835923,0.0,0.0,1.2879274,1.9989963,1.1055604,0.0
153,2.019328,1.3124483,0.0,0.0,0.8620639,0.0,0.4706414,0.0,1.8668773,1.4842317,1.779064,1.8806762,0.0,0.37740505,2.3985972,0.0,1.2782866,1.5548301,0.7159824,2.7712405,1.8849931,1.2423776,1.7297945,0.9736308,1.9279203,1.2886733,1.5525299,1.8258578,1.1288427,1.9949015,1.9012209,2.3286767,1.5812355,1.2074287,0.0,0.0,1.2322826,2.2901583,1.189483,0.0
154,2.085668,1.2169646,0.0,0.0,0.8393656,0.0,0.5379975,0.0,1.8756762,1.3649247,2.0125067,1.964225,0.0,0.8679942,2.6863484,0.0,1.4352663,1.8284781,0.807572,2.7499366,1.7329069,1.3518459,1.6348689,0.9602945,1.8226594,1.1493453,1.5389093,1.548294,1.3717026,1.9113051,2.0139277,2.3333569,1.5581224,1.3659171,0.0,0.0,1.2621087,2.634749,1.2576506,0.0
155,2.1068428,1.1737515,0.0,0.0,0.907009,0.0,0.7106365,0.0,1.8554248,1.201337,2.3062265,2.0684972,0.0,1.5189359,2.9778297,0.0,1.7132878,2.1342487,1.0759255,2.6187518,1.5680901,1.4507103,1.5504258,0.95388854,1.6852235,1.0902416,1.6311641,1.2290685,1.6923075,1.8366861,2.1677544,2.357589,1.6523337,1.5812988,0.0,0.0,1.3466463,2.9340894,1.3206055,0.0
156,2.1018538,1.1105442,0.0,0.0,0.9883523,0.0,0.9760701,0.0,1.8065782,1.0262375,2.5359077,2.1280596,0.0,2.1534727,3.120838,0.0,2.0385401,2.3286412,1.4485881,2.4355562,1.4366372,1.5519547,1.468101,1.0064052,1.505936,1.12525,1.7951093,0.93253344,1.96379,1.8362708,2.3184032,2.288827,1.8454007,1.8078605,0.0,0.0,1.4977231,3.0231133,1.3466302,0.0
157,2.041856,1.0385423,0.0,0.0,1.0729936,0.0,1.2680322,0.0,1.733134,0.86515015,2.657809,2.0637977,0.0,2.7051988,3.1073778,0.0,2.3820424,2.4774587,1.9517895,2.2991774,1.3393477,1.6688737,1.4548767,1.1234189,1.3015943,1.3145794,2.0343454,0.69315654,2.1492794,1.8925477,2.3952937,2.0806084,2.2124877,1.9611782,0.0,0.0,1.5894146,2.8864264,1.4091105,0.0
158,1.9144206,0.8864037,0.0,0.0,1.1338372,0.0,1.5121514,0.0,1.6383636,0.6834956,2.5442314,1.8732349,0.0,2.9809906,2.9021485,0.0,2.5970771,2.463389,2.4879916,2.2883766,1.286743,1.7455533,1.4668639,1.248224,1.1009862,1.6112903,2.2974453,0.6532859,2.2106793,1.9529997,2.3978848,1.65977,2.6312692,1.9652176,0.0,0.0,1.625566,2.4495463,1.4717661,0.0
159,1.7160368,0.6934229,0.0,0.0,1.2443593,0.0,1.7466441,0.0,1.58964,0.5858348,2.138628,1.5987962,0.0,2.7597244,2.4777772,0.0,2.5621336,2.2059877,2.9210448,2.4125137,1.3414537,1.8335351,1.5048525,1.4061946,0.9700159,1.9499413,2.5138574,0.90589726,2.136136,1.992889,2.277028,1.0864859,3.0078483,1.7916507,0.0,0.0,1.5700674,1.7092683,1.5690705,0.0
160,1.4827646,0.5770047,0.0,0.0,1.3807127,0.0,1.89586,0.0,1.5706719,0.6766548,1.5793506,1.4098934,0.0,2.0729294,2.0023072,0.0,2.2452085,1.7601352,3.0445762,2.5898259,1.4709209,1.8543,1.5490847,1.545544,0.98248327,2.1751232,2.5532515,1.4961926,1.9775885,1.9244276,1.950925,0.61057085,3.0770159,1.4570036,0.0,0.0,1.3977115,1.0170786,1.6755269,0.0
161,1.4848914,0.65381885,0.0,0.0,1.6578147,0.0,2.0218973,0.0,1.6545243,0.93323153,1.228892,1.4852223,0.0,1.4242494,1.8283954,0.0,1.9356008,1.4683735,3.0161164,2.8134837,1.6822121,1.9344139,1.7154686,1.7346996,1.2128222,2.265653,2.5307167,2.1950088,1.9692715,1.8790511,1.7577431,0.5253017,2.990894,1.2944343,0.0,0.0,1.2988462,0.71776,1.8430007,0.0
162,1.4997162,0.69272316,0.0,0.0,1.8505569,0.0,2.0232656,0.0,1.6776118,1.1380576,1.0453764,1.5985518,0.0,0.88801104,1.7239344,0.0,1.5781072,1.274547,2.8345306,2.8614507,1.8081411,1.9416113,1.7810822,1.8326473,1.3873925,2.1766527,2.4221752,2.6557918,1.9985437,1.7590328,1.5739413,0.5492527,2.7870374,1.1774838,0.0,0.0,1.177072,0.6516011,1.9403337,0.0
163,1.4691911,0.6637435,0.0,0.0,1.9818592,0.0,1.9362599,0.0,1.6323272,1.2588139,0.99237734,1.6991831,0.0,0.44353893,1.6049808,0.0,1.1642194,1.1242005,2.5649524,2.7100992,1.8161551,1.8869685,1.7482612,1.8347238,1.487724,1.96099,2.2648144,2.9125082,2.0452209,1.5659806,1.3860637,0.5793157,2.5022879,1.0625232,0.0,0.0,1.0482984,0.69331425,1.9614477,0.0
164,1.4639571,0.7009671,0.0,0.0,2.1596558,0.0,1.8416845,0.0,1.564874,1.3931172,1.1186191,1.8678242,0.0,0.14330629,1.5400528,0.0,0.7681963,1.0481675,2.3393111,2.4273462,1.8064162,1.8173817,1.7146065,1.8143032,1.5777774,1.6860389,2.1385052,3.0506527,2.1700587,1.3896245,1.272218,0.68707645,2.232259,1.0285996,0.0,0.0,0.94612265,0.8710785,1.9635005,0.0
165,1.5627624,0.9555135,0.0,0.0,2.4416234,0.0,1.8699602,0.0,1.5936893,1.7116866,1.5535775,2.1546526,0.0,0.08119398,1.627554,0.0,0.5698242,1.0818372,2.2482023,2.0432875,1.8261319,1.8271478,1.76404,1.9013333,1.7989604,1.4342353,2.1139185,3.191505,2.4299014,1.3301626,1.3423022,1.1292002,2.044437,1.2259315,0.0,0.0,1.0150677,1.2599274,2.010638,0.0
166,1.600597,1.3945193,0.0,0.0,2.6136863,0.0,1.8900214,0.0,1.61046,2.0261028,2.1862102,2.3412004,0.0,0.24840811,1.6293739,0.0,0.5768178,1.1174502,2.1408815,1.4539566,1.7527535,1.658481,1.8291085,1.9518158,1.9707752,1.1301701,2.0035727,3.050829,2.6049137,1.2950288,1.4972142,1.6812708,1.8196543,1.4606721,0.0,0.0,1.148969,1.6919317,1.9338832,0.0
167,1.5123968,1.9474099,0.0,0.0,2.5186357,0.0,1.8098541,0.0,1.586002,2.2378106,2.7265193,2.223114,0.0,0.62958723,1.5039345,0.0,0.88389415,1.0734928,2.0439444,0.79801744,1.5574461,1.3380922,1.8790061,1.8843944,2.015763,0.8949448,1.8211839,2.5366445,2.4673388,1.3311466,1.7254893,2.1858125,1.6048084,1.6516997,0.0,0.0,1.3006246,1.9328911,1.7129847,0.0
168,1.4721558,2.6716216,0.0,0.0,2.2992158,0.0,1.8378398,0.0,1.7196192,2.4973307,3.0593734,2.0156338,0.0,1.2084863,1.4418275,0.0,1.6299145,1.047635,2.1538043,0.60096425,1.5226783,1.0726465,2.084524,1.9075719,2.0642447,1.0192693,1.7524546,2.015563,2.160996,1.6536661,2.0955448,2.6001523,1.6577283,1.8067826,0.0,0.0,1.5907556,1.946281,1.5947211,0.0
169,1.4051595,3.1528184,0.0,0.0,2.0078971,0.0,1.8928268,0.0,1.9275756,2.6577446,2.970676,1.7722667,0.0,1.6154523,1.418281,0.0,2.3674438,0.9408151,2.3302126,0.8721512,1.5869807,0.89572114,2.2734063,1.9591205,2.1056225,1.3876574,1.7238166,1.6351048,1.7627743,2.01456,2.4239464,2.706727,1.8051776,1.8299514,0.0,0.0,1.7995993,1.6689267,1.5160307,0.0
170,1.3283267,3.308033,0.0,0.0,1.7441646,0.0,1.944762,0.0,2.1147714,2.7134511,2.5168622,1.5620371,0.0,1.7882245,1.4768952,0.0,2.8819435,0.8130775,2.4884517,1.4701556,1.6960208,0.8674224,2.3918793,1.9610966,2.113481,1.8230467,1.7518259,1.5630165,1.3914638,2.2812128,2.5601013,2.5886793,1.9715402,1.728272,0.0,0.0,1.8963982,1.2639945,1.5074251,0.0
171,1.2199054,3.1372702,0.0,0.0,1.4966689,0.0,1.9270136,0.0,2.1935942,2.6533425,1.9170297,1.4298453,0.0,1.6762671,1.5027763,0.0,3.0642865,0.64948165,2.4910276,2.0626774,1.7941775,0.9431403,2.3002088,1.9329351,2.0563247,2.1084075,1.7058587,1.618291,1.0939057,2.3487115,2.496582,2.3172653,1.9981598,1.5399269,0.0,0.0,1.8426814,0.87295336,1.4780803,0.0
172,1.1396923,2.873232,0.0,0.0,1.3176017,0.0,1.9034468,0.0,2.216053,2.5437725,1.388114,1.4346411,0.0,1.4837875,1.5281898,0.0,3.0508153,0.5529535,2.4246693,2.5761492,1.8827679,1.0548218,2.1516407,1.9111874,2.016766,2.263486,1.6610574,1.7532877,0.94695604,2.31721,2.3380952,2.072122,1.9604484,1.3676509,0.0,0.0,1.7475326,0.6139392,1.4557106,0.0
173,1.0284758,2.5536695,0.0,0.0,1.1180841,0.0,1.8104631,0.0,2.1392028,2.3892393,0.92886144,1.4655491,0.0,1.2592337,1.4855434,0.0,2.876814,0.45439506,2.2503889,2.8908217,1.9008871,1.1272267,1.9199965,1.840128,1.9524332,2.273215,1.5515436,1.8198377,0.83335984,2.1913865,2.101738,1.8652534,1.8300205,1.1970934,0.0,0.0,1.6118755,0.4122001,1.353298,0.0
174,0.9538007,2.2919252,0.0,0.0,0.939235,0.0,1.7191356,0.0,2.0408034,2.263313,0.5881279,1.5624983,0.0,1.0835282,1.450085,0.0,2.6878517,0.41204375,2.0767014,3.114463,1.9356893,1.2053272,1.678658,1.8011062,1.9116926,2.233847,1.4513879,1.8572131,0.78255963,2.081281,1.8864301,1.7768431,1.6891577,1.0956659,0.0,0.0,1.5245168,0.32302308,1.2402773,0.0
175,0.8957312,2.1006377,0.0,0.0,0.74058175,0.0,1.6071612,0.0,1.9028338,2.1121573,0.35222495,1.7035255,0.0,0.97824293,1.3958772,0.0,2.4830306,0.390532,1.905353,3.2425754,1.9637526,1.2700164,1.4017799,1.7776713,1.9146551,2.1214366,1.3218436,1.8687373,0.7691222,1.9803847,1.6857407,1.785099,1.5265694,1.0532264,0.0,0.0,1.4912813,0.31370103,1.0738164,0.0
176,0.84793305,1.9952029,0.0,0.0,0.47857702,0.0,1.4321727,0.0,1.7050197,1.9137541,0.23414895,1.7965379,0.0,0.9565112,1.3004185,0.0,2.2780168,0.3804203,1.7130482,3.2285922,1.9546587,1.2991389,1.0740943,1.7366574,1.9133239,1.9246608,1.1616333,1.7539402,0.75712836,1.8794965,1.5027792,1.8806386,1.3543428,1.0512831,0.0,0.0,1.5152093,0.38958055,0.81441176,0.0
177,0.8279844,1.9968143,0.0,0.0,0.15918888,0.0,1.1793773,0.0,1.4210929,1.6479945,0.24855322,1.7491101,0.0,1.0613828,1.1542907,0.0,2.1063876,0.3848599,1.5144726,3.0050468,1.8717972,1.266069,0.72922313,1.6467218,1.8686575,1.6691346,0.95800173,1.4701478,0.7463583,1.7946008,1.3559123,2.0191185,1.1856419,1.1269373,0.0,0.0,1.5571964,0.5475904,0.4637705,0.0
178,0.9454006,2.121438,0.0,0.0,0.0,0.0,0.89055604,0.0,1.128623,1.349947,0.46509096,1.4638101,0.0,1.3229647,1.0280849,0.0,2.0498574,0.4064871,1.3970231,2.5670526,1.726525,1.1526917,0.5134518,1.5596778,1.7531434,1.404745,0.7338647,1.0487666,0.722564,1.7265538,1.322378,2.1464784,1.104551,1.2568619,0.0,0.0,1.5814743,0.8087157,0.11391945,0.0
179,1.2398703,2.3656678,0.0,0.0,0.0,0.0,0.7087765,0.0,0.9290457,1.1677091,0.82207745,1.0029716,0.0,1.7711761,1.020321,0.0,2.1878004,0.44216254,1.4700588,2.0256433,1.5029608,1.0373775,0.65963566,1.5247793,1.614531,1.2361776,0.6025267,0.6500459,0.80171645,1.7789401,1.4840358,2.1832473,1.2483405,1.4485099,0.0,0.0,1.5760777,1.1126323,0.0,0.0
180,1.6716003,2.6485991,0.0,0.0,0.0,0.0,0.7675477,0.0,0.96736073,1.267751,1.1981018,0.5390431,0.0,2.140647,1.223745,0.0,2.5397205,0.5612385,1.7415012,1.6688995,1.3798957,0.96024233,1.1846318,1.6229222,1.5000771,1.3491299,0.6899398,0.45339197,0.9327177,1.9093815,1.7951475,2.111308,1.5598817,1.5885675,0.0,0.0,1.5507467,1.3755863,0.22857286,0.0
181,2.0950773,2.8194904,0.0,0.0,0.28788155,0.0,1.1185054,0.0,1.2568452,1.6637106,1.4465263,0.28988132,0.0,2.3524153,1.6251544,0.0,2.9807322,0.74375755,2.1391163,1.7487317,1.414303,1.0247062,1.8821917,1.8683677,1.4890472,1.6739956,0.9191834,0.6556315,1.1137615,2.09452,2.154888,2.0298405,1.9388667,1.6374846,0.0,0.0,1.4710991,1.560144,0.77770984,0.0
182,2.2684402,2.6774168,0.0,0.0,0.5571345,0.0,1.4420685,0.0,1.5048889,2.050651,1.3776706,0.19367492,0.0,2.2250762,1.9089621,0.0,3.1363358,0.81488824,2.2671778,1.9484491,1.4336208,1.0701088,2.3405628,1.9784462,1.4419916,1.9627378,0.9951181,0.9791774,1.1559993,2.0929239,2.254664,1.8757505,2.0243979,1.5033408,0.0,0.0,1.2959471,1.5459677,1.2571713,0.0
183,2.2761137,2.3781922,0.0,0.0,0.7010607,0.0,1.6867617,0.0,1.6540986,2.3647907,1.167195,0.22729763,0.0,1.9154347,2.0964212,0.0,3.0512722,0.84536004,2.1815467,2.1857975,1.4490577,1.1620616,2.5645256,1.9979665,1.4123434,2.1618123,0.9482555,1.3336955,1.0951353,1.9814967,2.149756,1.8256702,1.9092485,1.3017033,0.0,0.0,1.0916376,1.4413385,1.5862652,0.0
184,2.2506607,2.0816772,0.0,0.0,0.7769793,0.0,1.8947402,0.0,1.7563683,2.621742,0.9462779,0.42952022,0.0,1.5757543,2.2572713,0.0,2.8400753,0.90652037,1.9626806,2.4176576,1.5042862,1.3061142,2.6169775,1.9897654,1.498102,2.3123446,0.83367777,1.7356426,1.0364558,1.8271571,1.9703697,1.9921768,1.6461669,1.1869118,0.0,0.0,0.9701929,1.3815525,1.7778864,0.0
185,2.1594718,1.7814974,0.0,0.0,0.7907465,0.0,1.9923954,0.0,1.7238253,2.738981,0.75250274,0.69641244,0.0,1.2490933,2.3689928,0.0,2.5182498,0.9846065,1.6022342,2.5230234,1.5004975,1.4553837,2.509814,1.8991072,1.595572,2.3359017,0.5736671,2.0543053,0.9277153,1.6419674,1.7107321,2.3051863,1.2795839,1.1305565,0.0,0.0,0.9358175,1.344059,1.7724614,0.0
186,2.1129591,1.5808613,0.0,0.0,0.8441053,0.0,1.9940375,0.0,1.6243017,2.7235932,0.70231324,1.006133,0.0,1.0532192,2.4823205,0.0,2.1680386,1.160771,1.2755865,2.5566385,1.4968687,1.603725,2.3414094,1.7747766,1.7457557,2.2883143,0.30996877,2.3063831,0.8641856,1.4614991,1.5002499,2.7314432,0.9257297,1.2095228,0.0,0.0,1.002815,1.4031892,1.6282753,0.0
187,1.9919739,1.4166892,0.0,0.0,0.87186444,0.0,1.8374563,0.0,1.4086455,2.5007234,0.73751444,1.1932899,0.0,0.9066557,2.48479,0.0,1.7757517,1.3527724,0.9490547,2.353781,1.4146969,1.6555398,2.032997,1.5549871,1.8173991,2.0900626,0.051391307,2.3483243,0.78896713,1.2281548,1.2817428,3.0117064,0.56692624,1.302219,0.0,0.0,1.0769633,1.4694341,1.339338,0.0
188,1.9244287,1.3733684,0.0,0.0,1.0167646,0.0,1.6679572,0.0,1.2166861,2.2204201,0.8992548,1.3189036,0.0,0.92494804,2.504655,0.0,1.4987273,1.609678,0.79091597,2.0939348,1.3606873,1.7038198,1.7753289,1.3485014,1.8654056,1.8505162,0.0,2.272306,0.81953907,1.0816797,1.1767279,3.1746128,0.3751766,1.4830226,0.0,0.0,1.2011528,1.6031902,1.0781206,0.0
189,1.921077,1.4299594,0.0,0.0,1.2745063,0.0,1.5150801,0.0,1.0990546,1.8993921,1.1164867,1.3354951,0.0,1.062238,2.56359,0.0,1.3617625,1.8746581,0.7994308,1.8429343,1.3390154,1.7539561,1.60776,1.1624279,1.8686776,1.6279873,0.0,2.1219358,0.9673153,0.9833153,1.1999097,3.1691718,0.3294627,1.6951141,0.0,0.0,1.3471822,1.7789649,0.8925293,0.0
190,1.9926399,1.5885514,0.0,0.0,1.6616023,0.0,1.4544895,0.0,1.0785304,1.6213,1.415646,1.3671836,0.0,1.3437228,2.706757,0.0,1.4137462,2.1634238,1.0194439,1.6545073,1.362469,1.8604146,1.566931,1.0738939,1.90619,1.4725183,0.0051081814,1.972721,1.2572002,0.9687887,1.369186,3.058133,0.45850927,1.9316125,0.0,0.0,1.4967573,2.0186946,0.8286616,0.0
191,2.0186918,1.6814487,0.0,0.0,2.0380926,0.0,1.383653,0.0,1.0724514,1.3055863,1.6364433,1.3171588,0.0,1.6241293,2.7840695,0.0,1.4865277,2.3618639,1.3066347,1.4333677,1.3277566,1.9220517,1.5484574,0.97525585,1.8679131,1.2950231,0.17317182,1.7617527,1.5544705,0.92197293,1.5278757,2.711463,0.6152175,2.0718403,0.0,0.0,1.5565643,2.1950767,0.8295842,0.0
192,2.0159283,1.6940802,0.0,0.0,2.4214878,0.0,1.3467225,0.0,1.0968015,1.0131395,1.7890574,1.273147,0.0,1.8977194,2.8464284,0.0,1.624037,2.4537745,1.6508986,1.2529521,1.2644011,1.9952238,1.5506389,0.9241935,1.7860361,1.1456105,0.42530483,1.5552279,1.883401,0.89381367,1.6909665,2.2283244,0.8118798,2.1360602,0.0,0.0,1.5506208,2.324596,0.9238989,0.0
193,2.0596912,1.7257912,0.0,0.0,2.8176045,0.0,1.4674596,0.0,1.214284,0.84465855,1.9359828,1.350614,0.0,2.21403,2.9793248,0.0,1.8753681,2.5458906,2.1193578,1.2629131,1.290659,2.1650758,1.6476452,1.0293939,1.7538393,1.0865177,0.86449283,1.4850644,2.2856622,0.9939079,1.906526,1.7838354,1.1180878,2.1737468,0.0,0.0,1.549352,2.4675603,1.1772677,0.0
194,2.0917985,1.6638644,0.0,0.0,3.087693,0.0,1.6474489,0.0,1.3392161,0.75653064,2.027198,1.489853,0.0,2.452317,3.0654755,0.0,2.1128352,2.5373805,2.4972599,1.3471866,1.322851,2.3502412,1.7208164,1.1719184,1.7241665,1.0777847,1.317667,1.4984125,2.649082,1.1239825,2.0636456,1.3903465,1.3984861,2.1472502,0.0,0.0,1.5166464,2.5587552,1.4676564,0.0
195,2.0716648,1.5131745,0.0,0.0,3.2245822,0.0,1.8295239,0.0,1.4485114,0.7073434,2.0640852,1.6709064,0.0,2.6221359,3.1111438,0.0,2.2809684,2.4478836,2.7332656,1.4736416,1.3595146,2.5360873,1.7428329,1.3241519,1.7043389,1.088083,1.7352324,1.5674782,2.9350183,1.2507449,2.146162,1.0996437,1.6213859,2.080136,0.0,0.0,1.4791263,2.6029873,1.73305,0.0
196,2.0635955,1.2856512,0.0,0.0,3.237277,0.0,2.0230362,0.0,1.5213634,0.686508,2.1077778,1.9054955,0.0,2.718671,3.1312265,0.0,2.3676853,2.3203726,2.8303545,1.6216226,1.4084316,2.7503822,1.7197516,1.4683859,1.7116348,1.1123495,2.1249495,1.733464,3.1360626,1.4084442,2.15513,0.94703776,1.7974584,1.986451,0.0,0.0,1.4705951,2.6413836,1.9636539,0.0
197,1.9898577,0.9068042,0.0,0.0,3.0534964,0.0,2.1548467,0.0,1.5112486,0.5833768,2.1271982,2.1358013,0.0,2.6918786,3.0523996,0.0,2.2719917,2.084658,2.6763306,1.7297335,1.4202609,2.9160092,1.5720694,1.5062095,1.6871518,1.0821122,2.4101868,1.9335723,3.1876447,1.5394775,2.009481,0.88181317,1.869424,1.8232967,0.0,0.0,1.4681137,2.6075218,2.078295,0.0
198,1.8569866,0.38733232,0.0,0.0,2.5874133,0.0,2.1792908,0.0,1.4144484,0.38628572,2.121927,2.3177457,0.0,2.4823165,2.837327,0.0,1.9296017,1.6842811,2.1653652,1.8074764,1.4154586,2.943985,1.250674,1.3728564,1.6125013,0.98915243,2.5705972,2.1738384,2.989285,1.6576482,1.6570897,0.97818846,1.8470684,1.5735286,0.0,0.0,1.492804,2.440564,2.0070236,0.0
199,1.7398083,0.06677146,0.0,0.0,1.8422601,0.0,2.0662272,0.0,1.3875653,0.29537445,2.1807954,2.402901,0.0,2.0597093,2.5812447,0.0,1.4814656,1.1965196,1.3552321,1.9580345,1.5812391,2.680579,0.89482033,1.0935321,1.5394284,0.9408181,2.545982,2.433887,2.448943,1.8351785,1.2075723,1.4291887,1.8658192,1.3521553,0.0,0.0,1.5705302,2.1375763,1.7739332,0.0
200,1.7865834,0.24804069,0.0,0.0,1.3633373,0.0,1.8698586,0.0,1.5561417,0.4908542,2.2034638,2.3603864,0.0,1.5992582,2.5000353,0.0,1.299046,0.90996015,0.7528862,2.2289748,1.8686067,2.1427963,0.7459439,0.92484736,1.4539919,0.9863845,2.2424247,2.492681,1.7876862,1.9614457,0.8990836,2.0538285,1.9644525,1.2910827,0.0,0.0,1.6369109,1.8528427,1.5482423,0.0
201,1.9045978,0.674577,0.0,0.0,1.2194307,0.0,1.690236,0.0,1.685648,0.68492323,2.2127366,2.1500664,0.0,1.3833616,2.5487208,0.0,1.2881329,0.8960365,0.56730473,2.366585,2.1007707,1.6171364,0.76733536,0.7935074,1.3552655,1.0877243,2.0585232,2.3904927,1.3562925,1.9381377,0.8035189,2.4043314,2.168514,1.3286064,0.0,0.0,1.6149983,1.6348169,1.5057131,0.0
202,2.0187018,1.0011282,0.0,0.0,1.3382882,0.0,1.58301,0.0,1.7847213,0.79403305,2.1728842,1.9549166,0.0,1.2587647,2.702343,0.0,1.346769,0.9450767,0.54517233,2.4032419,2.2402716,1.1709297,0.8295123,0.6818471,1.1636149,1.1020353,1.9404128,2.1350698,1.1519321,1.7531685,0.70404065,2.427557,2.3548112,1.3659164,0.0,0.0,1.4234356,1.5394386,1.5841798,0.0
203,2.1723607,1.2746277,0.0,0.0,1.6812007,0.0,1.6741891,0.0,1.9031255,0.9364062,2.1580808,1.9402772,0.0,1.2753872,2.9925833,0.0,1.5129356,1.0862266,0.74253094,2.459379,2.373238,0.87427086,0.9873724,0.7093092,0.9825733,1.1137468,1.9970664,1.8940473,1.1888598,1.5345229,0.66721624,2.2877848,2.6087477,1.4304184,0.0,0.0,1.1731963,1.5572311,1.8520459,0.0
204,2.3187947,1.521665,0.0,0.0,2.1675928,0.0,1.8852271,0.0,1.978664,1.1801573,2.1625931,2.054151,0.0,1.406388,3.3128579,0.0,1.8537532,1.2766328,1.1381605,2.6101108,2.434924,0.8000953,1.2407086,0.9687967,0.84720874,1.1566981,2.1807046,1.7066559,1.3771757,1.3614594,0.6920905,2.076861,2.8825543,1.4404305,0.0,0.0,0.9021972,1.6899415,2.2560537,0.0
205,2.396479,1.6583543,0.0,0.0,2.5175004,0.0,2.1925695,0.0,1.9393076,1.4650698,2.2153563,2.2965772,0.0,1.505969,3.47015,0.0,2.1786487,1.3975292,1.5665145,2.7344294,2.4363155,0.91380876,1.5764778,1.3195461,0.7814146,1.2279373,2.3330572,1.5576655,1.5981671,1.2375497,0.76812947,1.9078383,3.0954597,1.4177903,0.0,0.0,0.6355168,1.8138851,2.5891616,0.0
206,2.330066,1.6929418,0.0,0.0,2.646382,0.0,2.4318883,0.0,1.7974865,1.755538,2.1594708,2.5356727,0.0,1.4863603,3.418249,0.0,2.3976998,1.3865333,1.8098651,2.8275695,2.3163056,1.0853146,1.8124106,1.7019054,0.78347087,1.2952276,2.4013178,1.5127734,1.6373013,1.2218739,0.80207384,1.8073661,3.139848,1.2760016,0.0,0.0,0.46444187,1.818094,2.754065,0.0
207,2.2032,1.66168,0.0,0.0,2.5343213,0.0,2.5741668,0.0,1.6112256,2.0097215,2.1013725,2.7277534,0.0,1.3217163,3.2076051,0.0,2.483469,1.2547352,1.8469073,2.8994603,2.1787882,1.2342546,1.9569855,2.0015733,0.84443855,1.3534533,2.368533,1.5412779,1.5171279,1.2949101,0.81676066,1.7960768,3.091829,1.0684056,0.0,0.0,0.41396776,1.7021399,2.7648904,0.0
208,1.9734305,1.5550128,0.0,0.0,2.2084503,0.0,2.587992,0.0,1.3426467,2.1656241,1.9740039,2.777281,0.0,0.9939365,2.815217,0.0,2.3874993,1.0221632,1.6609951,2.9073877,1.9829589,1.2888306,2.0119658,2.1490798,0.91113394,1.3627598,2.1987576,1.5557686,1.1834937,1.3731874,0.78315675,1.8130977,2.914212,0.7927135,0.0,0.0,0.4241425,1.4396279,2.580912,0.0
209,1.801189,1.5259582,0.0,0.0,1.8465763,0.0,2.5720773,0.0,1.1468422,2.290849,1.8685132,2.7702522,0.0,0.678861,2.4519272,0.0,2.273774,0.83334756,1.4748114,2.945506,1.8631235,1.3427762,2.083513,2.2495074,1.0707111,1.425066,1.9937689,1.6568475,0.8378653,1.5575709,0.84386575,1.8973048,2.7511933,0.628741,0.0,0.0,0.5739478,1.1557459,2.3355165,0.0
210,1.72098,1.5578377,0.0,0.0,1.5492873,0.0,2.5144584,0.0,1.078112,2.3437698,1.8037156,2.687664,0.0,0.45176554,2.1444416,0.0,2.1661057,0.6934438,1.3705488,2.981086,1.8029549,1.3788573,2.1322746,2.2353663,1.2629489,1.5056707,1.8138483,1.7621163,0.58877033,1.7644494,1.0076176,1.9774947,2.6207993,0.5808648,0.0,0.0,0.80259013,0.9254755,2.1042242,0.0
211,1.7219112,1.6185007,0.0,0.0,1.3811312,0.0,2.4713435,0.0,1.1406317,2.377237,1.7408258,2.5618296,0.0,0.3334934,1.9415071,0.0,2.0923526,0.64697266,1.3929211,3.0116036,1.8148812,1.3769376,2.177291,2.1682272,1.4314048,1.5895046,1.7115456,1.8481196,0.48069152,1.9445683,1.2387699,1.9754016,2.5415387,0.61689097,0.0,0.0,1.0448941,0.7686221,1.9564824,0.0
212,1.7299248,1.6450659,0.0,0.0,1.2681774,0.0,2.402974,0.0,1.2514745,2.3088229,1.6640687,2.367177,0.0,0.26719493,1.7597371,0.0,1.9856086,0.6175021,1.4790004,2.980478,1.8644985,1.2945511,2.1505919,2.0254066,1.5094193,1.609321,1.6830521,1.8585747,0.45688578,2.0336492,1.4544135,1.8002603,2.482331,0.6719285,0.0,0.0,1.2309978,0.6258641,1.898034,0.0
213,1.7244852,1.5947611,0.0,0.0,1.2228445,0.0,2.3109574,0.0,1.4015039,2.1068366,1.5182073,2.0922694,0.0,0.2675421,1.5677294,0.0,1.831375,0.5916535,1.6286925,2.8683794,1.9123904,1.0829535,1.9965942,1.8265114,1.42461,1.5285927,1.7458754,1.7316207,0.52627206,2.002589,1.5960497,1.3714106,2.4068468,0.7076681,0.0,0.0,1.3072867,0.49307847,1.9282421,0.0
214,1.7712231,1.5452054,0.0,0.0,1.3838592,0.0,2.2266994,0.0,1.7042673,1.8026168,1.3564973,1.8146626,0.0,0.53328514,1.4502904,0.0,1.7490706,0.66080236,2.0125067,2.7221777,2.0077739,0.83683246,1.7126365,1.6664243,1.2436241,1.3987566,2.0513318,1.5249351,0.88362026,1.9103433,1.7522192,0.7491981,2.3709705,0.83991015,0.0,0.0,1.2979772,0.5529229,2.1504073,0.0
215,1.8300781,1.5368041,0.0,0.0,1.8076046,0.0,2.1297388,0.0,2.0765836,1.3353711,1.2361566,1.6035417,0.0,1.2374982,1.5783957,0.0,1.8459007,0.8858076,2.5773435,2.4527693,2.082677,0.72732145,1.2919838,1.5826524,1.0303406,1.2754073,2.5542846,1.2997401,1.6394006,1.8088323,1.8561119,0.19866493,2.2945535,1.1660339,0.0,0.0,1.2068677,0.991383,2.4285192,0.0
216,1.7676454,1.4866295,0.0,0.0,2.1375642,0.0,1.9255172,0.0,2.1875904,0.8973408,1.1437744,1.4924861,0.0,1.9105124,1.7454928,0.0,1.9681125,1.1306442,2.834669,2.0622776,1.9621116,0.8116553,0.91708887,1.596489,0.88711226,1.1417791,2.8616877,1.144712,2.259752,1.6519569,1.720785,0.057616204,2.0334249,1.4565762,0.0,0.0,1.011113,1.5588287,2.4558346,0.0
217,1.6878852,1.4593886,0.0,0.0,2.2755237,0.0,1.7629687,0.0,2.1332257,0.65871155,1.1554596,1.5158072,0.0,2.2430246,1.851855,0.0,2.0529754,1.2580107,2.8322022,1.8211509,1.7888855,0.96026915,0.7291542,1.6635861,0.8701561,1.0781114,2.9467573,1.092645,2.5391927,1.5927709,1.5321563,0.20384715,1.8369963,1.5902941,0.0,0.0,0.86396825,1.9838777,2.3647943,0.0
218,1.6264617,1.5002117,0.0,0.0,2.359229,0.0,1.6877438,0.0,2.0711164,0.5753129,1.2391363,1.6478468,0.0,2.4202836,1.9289246,0.0,2.1456347,1.3399671,2.7812626,1.7338954,1.6879715,1.1015278,0.678688,1.7907426,0.9461119,1.1042953,3.0437112,1.1562291,2.678581,1.6959081,1.4360805,0.4763346,1.7784379,1.6779221,0.0,0.0,0.81643605,2.308514,2.2662935,0.0
219,1.5051105,1.5353037,0.0,0.0,2.359899,0.0,1.5722426,0.0,1.9673795,0.5055813,1.308409,1.7612582,0.0,2.44046,1.8913916,0.0,2.1562514,1.3408346,2.6344986,1.6509199,1.5714186,1.1664239,0.66425985,1.8691951,1.0264161,1.1136211,3.1000357,1.2039031,2.7053406,1.8423921,1.3525106,0.71249753,1.7609243,1.7087986,0.0,0.0,0.7942482,2.519758,2.1224349,0.0
220,1.326205,1.5576158,0.0,0.0,2.2704334,0.0,1.3976551,0.0,1.8273456,0.49128634,1.3937124,1.870405,0.0,2.3167732,1.7173332,0.0,2.092545,1.2992241,2.4316878,1.5084076,1.4235994,1.1612102,0.66933554,1.9091358,1.1512955,1.0893152,3.1234617,1.2406048,2.6300588,2.0478842,1.296839,0.9125262,1.7773558,1.6550267,0.0,0.0,0.7754575,2.6698093,1.9251126,0.0
221,1.1264572,1.6142645,0.0,0.0,2.142844,0.0,1.2169868,0.0,1.7251114,0.5894457,1.5315686,1.9893432,0.0,2.0545793,1.4918652,0.0,1.9955709,1.3250998,2.2771325,1.3546045,1.2913915,1.1515151,0.81154454,1.9239831,1.3999432,1.1039124,3.1129723,1.3044106,2.5697916,2.3468225,1.4043474,1.1167893,1.9023467,1.6244448,0.0,0.0,0.802324,2.7804477,1.7349757,0.0
222,0.8869457,1.6761957,0.0,0.0,1.9406118,0.0,1.0334888,0.0,1.6977578,0.8508123,1.7046205,2.020906,0.0,1.658388,1.1877594,0.0,1.828246,1.4177796,2.2247796,1.1213448,1.1389953,1.121436,1.0660632,1.8421836,1.7866892,1.1292146,2.959903,1.3523537,2.5129685,2.6389945,1.7373103,1.2486002,2.0850606,1.6070713,0.0,0.0,0.92238355,2.798526,1.520627,0.0
223,0.683774,1.6392149,0.0,0.0,1.695909,0.0,0.9229793,0.0,1.8119121,1.3094997,1.8568109,1.9177265,0.0,1.2471002,0.8881679,0.0,1.5834463,1.6397855,2.377447,0.8617999,1.0285025,1.0962033,1.3922815,1.6664155,2.191851,1.190076,2.6630445,1.3638736,2.505582,2.7506444,2.2724118,1.2697046,2.2015653,1.6731379,0.0,0.0,1.1197523,2.6683087,1.4159304,0.0
224,0.6509647,1.5696315,0.0,0.0,1.5985936,0.0,1.0102525,0.0,2.1097784,1.8304766,1.8819996,1.7266548,0.0,1.092301,0.8463611,0.0,1.4707963,1.9488618,2.7976959,0.7872326,1.033602,1.1610905,1.6756172,1.546128,2.4974363,1.3283354,2.3604536,1.432953,2.6250598,2.645038,2.8693056,1.190937,2.1905537,1.8656915,0.0,0.0,1.336462,2.4842937,1.5104555,0.0
225,0.75270706,1.5174195,0.0,0.0,1.6161146,0.0,1.2750345,0.0,2.4476745,2.208573,1.8652842,1.579516,0.0,1.2767775,1.0128429,0.0,1.5466594,2.199628,3.317471,0.8999252,1.1296319,1.3052865,1.7767787,1.5472369,2.6187203,1.5155598,2.2027345,1.4921004,2.7843366,2.4385812,3.2654762,1.1391189,2.0751383,2.0849986,0.0,0.0,1.4954507,2.3592517,1.7158265,0.0
226,0.78328174,1.3721495,0.0,0.0,1.5897362,0.0,1.4528286,0.0,2.5951505,2.2737923,1.7076472,1.3834065,0.0,1.5047969,1.0937606,0.0,1.5889682,2.2206535,3.5742896,0.99340326,1.128155,1.3633846,1.6104403,1.5242023,2.4984214,1.6026448,2.0528846,1.4789348,2.804724,2.1427028,3.2986493,1.0268965,1.785111,2.1562228,0.0,0.0,1.5066324,2.2048898,1.7971851,0.0
227,0.76540756,1.2345133,0.0,0.0,1.5608371,0.0,1.5608394,0.0,2.6289036,2.1701212,1.5097243,1.1973426,0.0,1.7297018,1.107364,0.0,1.6582804,2.1027067,3.6643925,1.1051486,1.0892271,1.3893543,1.3361564,1.5212692,2.2969923,1.6770848,1.9381912,1.4844464,2.7262688,1.8926638,3.1828172,0.94752187,1.4673575,2.1489496,0.0,0.0,1.4446337,2.0728223,1.7744244,0.0
228,0.6910033,1.1097075,0.0,0.0,1.5030708,0.0,1.5884148,0.0,2.5483046,1.9744228,1.2716738,1.0304842,0.0,1.8874375,1.0372142,0.0,1.7057936,1.9034755,3.610841,1.1863327,0.9852851,1.3784114,1.0251501,1.4963288,2.06439,1.7193451,1.8474956,1.5200685,2.5485115,1.7304016,2.9739895,0.9011652,1.151143,2.0650296,0.0,0.0,1.4073399,1.9259665,1.6513501,0.0
229,0.56491494,1.0194538,0.0,0.0,1.4408762,0.0,1.5471454,0.0,2.3773563,1.7088234,0.96981996,0.85500026,0.0,1.9910312,0.88967115,0.0,1.7621564,1.6363322,3.450313,1.2452402,0.82741106,1.3357664,0.69814044,1.4441226,1.8294619,1.7653761,1.7357216,1.6075424,2.2633908,1.6534537,2.738343,0.89772254,0.8391216,1.9065765,0.0,0.0,1.415441,1.74523,1.4185737,0.0
230,0.4504075,1.0289204,0.0,0.0,1.4119425,0.0,1.467265,0.0,2.130712,1.4251568,0.6523674,0.7092446,0.0,2.0487247,0.73051375,0.0,1.8661969,1.3496546,3.2225003,1.3465984,0.69893247,1.295894,0.430503,1.373894,1.6450751,1.8646239,1.6319818,1.8068799,1.9044327,1.7025307,2.555214,0.9991277,0.6103152,1.712303,0.0,0.0,1.5331469,1.531399,1.0966368,0.0
231,0.41001192,1.1562605,0.0,0.0,1.4510899,0.0,1.3789917,0.0,1.7658666,1.1051009,0.33015803,0.6265538,0.0,2.0615687,0.651434,0.0,2.0770197,1.0582619,2.8848226,1.4463391,0.58799016,1.2634314,0.31637663,1.311527,1.522718,1.956288,1.5053519,2.1482096,1.4509876,1.8959845,2.3981347,1.2811928,0.5605652,1.4646609,0.0,0.0,1.7656145,1.3257433,0.681963,0.0
232,0.58462125,1.4561822,0.0,0.0,1.6276553,0.0,1.349691,0.0,1.3622197,0.896408,0.16545543,0.74633086,0.0,2.0011892,0.8196437,0.0,2.3572133,0.89536935,2.5126424,1.5959002,0.6401027,1.2940043,0.50808394,1.2746019,1.490403,2.0591083,1.3996131,2.5241141,1.0573069,2.1798227,2.3256748,1.7728591,0.82280487,1.2149892,0.0,0.0,2.132857,1.2083387,0.3215242,0.0
233,1.0489446,1.8823789,0.0,0.0,1.9655123,0.0,1.5028623,0.0,1.1659856,0.97089833,0.29706955,1.1356255,0.0,1.9848973,1.2512676,0.0,2.7172348,1.0945829,2.301183,1.812737,0.95910853,1.4789417,1.045959,1.4776527,1.6898057,2.1340487,1.4638586,2.8918386,0.9749998,2.5421224,2.4381137,2.3504066,1.3647922,1.1966121,0.0,0.0,2.477295,1.3250299,0.2821756,0.0
234,1.4961776,2.1651647,0.0,0.0,2.2338,0.0,1.6236731,0.0,1.0705013,1.1199886,0.4841552,1.526863,0.0,1.9282255,1.6486377,0.0,2.9032433,1.4238207,2.138537,1.8570443,1.2772816,1.6033329,1.5982485,1.653858,1.8777984,2.0502565,1.5203891,3.059716,1.1195598,2.7559054,2.5180862,2.7450824,1.8542007,1.2826631,0.0,0.0,2.7032557,1.5077624,0.37624645,0.0
235,1.8044244,2.3019395,0.0,0.0,2.392517,0.0,1.6904606,0.0,1.0124902,1.2741184,0.67011684,1.8430343,0.0,1.8815715,1.9456086,0.0,2.9456587,1.7659544,2.025766,1.718204,1.5059475,1.6940848,1.9970565,1.8105917,2.0145628,1.834072,1.5385547,3.0105736,1.3701026,2.8160741,2.5598524,3.008084,2.1552813,1.4203622,0.0,0.0,2.766013,1.7320446,0.47278982,0.0
236,1.9864635,2.3012497,0.0,0.0,2.412356,0.0,1.7087048,0.0,0.9624572,1.402442,0.85268015,2.084098,0.0,1.8354201,2.1235816,0.0,2.8608744,2.078715,1.9025435,1.44363,1.6161219,1.7630252,2.246346,1.9588308,2.0833027,1.4931735,1.5106795,2.7887852,1.6624774,2.7449162,2.4926207,3.1746144,2.2643764,1.5869137,0.0,0.0,2.6667492,1.9867616,0.5528515,0.0
237,1.9839408,2.1436207,0.0,0.0,2.2421699,0.0,1.647432,0.0,0.9112147,1.4301409,1.0430565,2.2576418,0.0,1.7511084,2.2109416,0.0,2.6429949,2.2997952,1.6666442,1.1110547,1.5766517,1.7949175,2.3330019,2.069161,2.044397,1.0470827,1.412167,2.331714,1.9630088,2.4890723,2.2925532,3.2095096,2.1358042,1.7803036,0.0,0.0,2.3315957,2.198851,0.5865834,0.0
238,1.8300309,1.9153057,0.0,0.0,1.8760419,0.0,1.5324708,0.0,0.86358935,1.3820667,1.231956,2.3169754,0.0,1.6659026,2.1722271,0.0,2.2884324,2.3331745,1.3694966,0.811864,1.4529313,1.7973826,2.2625973,2.1230676,1.9386573,0.6144877,1.2620597,1.7140024,2.1651716,2.0841646,1.9411335,3.102934,1.8229808,1.9166197,0.0,0.0,1.7698168,2.3801715,0.6112784,0.0
239,1.6578828,1.7571721,0.0,0.0,1.4905207,0.0,1.5106813,0.0,0.9136276,1.3588221,1.5064073,2.4017143,0.0,1.6162496,2.199926,0.0,2.0288956,2.2044015,1.2011541,0.73145646,1.320011,1.8528403,2.1186182,2.1621418,1.880371,0.35633144,1.2049258,1.1267978,2.3169234,1.6964629,1.6609217,2.9896903,1.5447345,2.0742583,0.0,0.0,1.178651,2.5048513,0.7068322,0.0
240,1.492966,1.6467018,0.0,0.0,1.155546,0.0,1.5601901,0.0,1.0260689,1.352653,1.7964618,2.4968529,0.0,1.5985886,2.2468605,0.0,1.8581915,1.9783845,1.11332,0.8341646,1.2164614,1.9646307,2.0120828,2.2052898,1.8810664,0.28465036,1.2031356,0.73169166,2.371227,1.4261806,1.5108331,2.8744607,1.370781,2.196437,0.0,0.0,0.71474016,2.5317686,0.82773334,0.0
241,1.3690867,1.6092283,0.0,0.0,0.8932773,0.0,1.6223627,0.0,1.1394926,1.3815811,2.0217583,2.6434321,0.0,1.5467409,2.305344,0.0,1.7821046,1.7113471,1.1131252,1.0308237,1.1251708,2.1171107,2.0179205,2.2411995,1.9286326,0.32024756,1.2467124,0.48481202,2.319016,1.2725613,1.5207754,2.776781,1.3060628,2.2744257,0.0,0.0,0.37695292,2.4116957,0.93401134,0.0
242,1.2258484,1.5732064,0.0,0.0,0.6447518,0.0,1.6874157,0.0,1.2424916,1.4199405,2.1304615,2.780927,0.0,1.4148993,2.2717159,0.0,1.737482,1.373873,1.1420091,1.1636461,0.99659556,2.2557075,2.0965445,2.2429156,1.9982401,0.38255325,1.2460759,0.32977706,2.1464097,1.1526043,1.5767509,2.599126,1.3814003,2.2018085,0.0,0.0,0.12468948,2.1125402,1.0604589,0.0
243,1.0443189,1.5041711,0.0,0.0,0.4886101,0.0,1.769034,0.0,1.3949882,1.5139111,2.0714934,2.877809,0.0,1.1953821,2.1174567,0.0,1.7045571,0.96815366,1.3682443,1.2018106,0.8529765,2.3189645,2.3118136,2.1535373,2.0543597,0.5035547,1.2275162,0.35992628,1.8628179,1.04403,1.7882141,2.257175,1.607816,1.9514844,0.0,0.0,0.02373027,1.5388991,1.2300886,0.0
244,0.96007955,1.3583703,0.0,0.0,0.6260872,0.0,1.8763455,0.0,1.6507759,1.7380636,1.7254655,2.76783,0.0,0.97427636,1.791069,0.0,1.7496624,0.69048923,1.9649842,1.2085786,0.8813438,2.1523445,2.5686255,1.9479189,1.9687079,0.8408077,1.3061463,0.8285402,1.5003909,1.1074497,2.1603608,1.665314,1.9550482,1.4966282,0.0,0.0,0.3589038,0.76436436,1.5339843,0.0
245,1.1689438,1.3949225,0.0,0.0,1.2584689,0.0,2.0437107,0.0,2.0317562,2.0271623,1.331599,2.5359495,0.0,1.0408912,1.6223155,0.0,1.97929,0.8829118,2.7802618,1.4218706,1.2598095,1.9121491,2.6926887,1.7832019,1.9148052,1.3731232,1.598975,1.6717006,1.4238813,1.5002583,2.5762846,1.3216014,2.3271914,1.2235672,0.0,0.0,1.1590152,0.35848844,1.898619,0.0
246,1.3963735,1.3894733,0.0,0.0,1.7775471,0.0,2.1449947,0.0,2.2575808,2.1844687,1.0896429,2.3176515,0.0,1.2027617,1.5493046,0.0,2.203575,1.1359911,3.2530162,1.6089096,1.6382512,1.7183563,2.6074336,1.6972721,1.882107,1.7410127,1.8347466,2.3208365,1.5479096,1.7920071,2.7459877,1.2550869,2.4218268,1.1695614,0.0,0.0,1.7728373,0.33745557,2.0635917,0.0
247,1.5198815,1.4213299,0.0,0.0,2.1116958,0.0,2.2171698,0.0,2.3605835,2.2684643,0.92682064,2.2095716,0.0,1.3346591,1.513031,0.0,2.3629758,1.3037796,3.4842646,1.7451327,1.8822849,1.5860566,2.4896996,1.706258,1.8378195,1.9332098,1.9629558,2.6919885,1.6785339,1.9992156,2.7461917,1.3130982,2.3562615,1.2090522,0.0,0.0,2.1360493,0.40283704,2.0785744,0.0
248,1.5280901,1.3736281,0.0,0.0,2.277846,0.0,2.191977,0.0,2.3591006,2.2575839,0.7533081,2.137447,0.0,1.386714,1.4143237,0.0,2.4316232,1.3347303,3.5026064,1.8291142,2.0060031,1.4481143,2.298857,1.6977913,1.7587233,2.0189137,1.9885014,2.8699572,1.7405149,2.1080697,2.6364772,1.3971872,2.1522148,1.2488433,0.0,0.0,2.3095922,0.4230759,1.954569,0.0
249,1.4643525,1.3039405,0.0,0.0,2.3368337,0.0,2.1103213,0.0,2.2476285,2.1646588,0.5471729,2.124722,0.0,1.3587556,1.2883202,0.0,2.4551704,1.2034084,3.2999508,1.981752,2.0745556,1.3252169,1.991703,1.657251,1.6618047,2.0895836,1.9650563,2.949843,1.7508408,2.1765463,2.408165,1.5346987,1.830125,1.3077003,0.0,0.0,2.3400102,0.3495441,1.6877145,0.0
250,1.2988099,1.1679962,0.0,0.0,2.2191696,0.0,1.9020141,0.0,1.9390805,1.923177,0.31140628,2.1481833,0.0,1.2006762,1.1077352,0.0,2.3881629,0.8482,2.6725416,2.234238,2.06171,1.1430982,1.447058,1.5338382,1.4817295,2.1113052,1.8149836,2.8048167,1.6435372,2.1560304,1.9404837,1.7206612,1.3251042,1.3208594,0.0,0.0,2.1678166,0.19205272,1.195489,0.0
251,1.1647186,1.1609982,0.0,0.0,1.8815088,0.0,1.578101,0.0,1.3688375,1.5261012,0.3508267,2.2991307,0.0,0.9912784,1.1119281,0.0,2.2922204,0.41073188,1.5897106,2.7362595,1.9783751,1.0694654,0.7881062,1.3518409,1.3036821,2.0068302,1.6315255,2.3484159,1.5206107,2.0507216,1.3250842,2.048223,0.83670264,1.3418381,0.0,0.0,1.727672,0.23340797,0.6706543,0.0
252,1.3319736,1.3115263,0.0,0.0,1.5740781,0.0,1.4329607,0.0,0.92336595,1.1409271,0.7528865,2.4293375,0.0,0.8587561,1.595725,0.0,2.1614916,0.21917,0.5780597,3.249747,1.8823216,1.1947675,0.44874424,1.2890103,1.3186297,1.9338572,1.4262788,1.7763518,1.4233011,1.9512426,0.9475887,2.460562,0.6979571,1.5017873,0.0,0.0,1.2294811,0.57097346,0.35489213,0.0
253,1.5547935,1.5202632,0.0,0.0,1.3379525,0.0,1.3523692,0.0,0.66006255,0.95141053,1.1690475,2.4410021,0.0,0.808814,1.9973035,0.0,1.9997557,0.27571312,0.06685469,3.4223783,1.7670596,1.3907512,0.47876745,1.2284904,1.366048,1.7437903,1.2785702,1.3934575,1.3517717,1.7823924,0.8387101,2.5676315,0.89405894,1.4797053,0.0,0.0,0.9050852,0.92430335,0.4036553,0.0
254,1.8307827,1.6356562,0.0,0.0,1.2327708,0.0,1.3758543,0.0,0.5508436,0.8972703,1.4711757,2.393906,0.0,0.78060544,2.3201823,0.0,1.8833241,0.39691302,0.0,3.4693117,1.6951792,1.524663,0.6365085,1.2053893,1.4384514,1.6435481,1.2168013,1.2187259,1.3347307,1.6501858,0.88971245,2.5603426,1.149041,1.4538895,0.0,0.0,0.7731741,1.161951,0.57811254,0.0
255,2.220762,1.7144167,0.0,0.0,1.2470708,0.0,1.4939945,0.0,0.535633,0.9593193,1.6929389,2.3466601,0.0,0.77503335,2.605557,0.0,1.8065529,0.6065471,0.0,3.5387182,1.7436309,1.6660042,0.9296754,1.2214415,1.5215143,1.6722172,1.2244614,1.2316086,1.3731042,1.5765172,1.0452145,2.5170112,1.4577084,1.4578189,0.0,0.0,0.7778719,1.354378,0.8489304,0.0
256,2.723601,1.8397421,0.0,0.0,1.3552139,0.0,1.6979195,0.0,0.6382686,1.1253338,1.9395133,2.243875,0.0,0.80135334,2.9470065,0.0,1.7439543,0.9366167,0.19611785,3.6386986,1.8636705,1.7867994,1.3513389,1.3197217,1.6349968,1.7771231,1.2513018,1.3602377,1.4449513,1.512061,1.2883867,2.4894423,1.787831,1.4964207,0.0,0.0,0.91852087,1.5581365,1.1855968,0.0
257,3.19089,1.8443949,0.0,0.0,1.4129666,0.0,1.8543342,0.0,0.75566596,1.2807269,2.0681257,1.8897448,0.0,0.77035344,3.1289146,0.0,1.5139942,1.3203802,0.5250294,3.5078738,1.930666,1.7784215,1.8311636,1.3490627,1.6274496,1.840171,1.171223,1.4910299,1.423179,1.3327192,1.4439054,2.288875,1.964593,1.4635258,0.0,0.0,1.1419809,1.6889522,1.4973093,0.0
258,3.5130277,1.8183284,0.0,0.0,1.5215117,0.0,2.0316553,0.0,1.0082706,1.5398991,2.1262631,1.3811523,0.0,0.87470096,3.1537094,0.0,1.3100318,1.818532,1.1352674,3.1488318,2.012974,1.7359405,2.3930292,1.4285591,1.548438,1.9138895,1.104135,1.7141701,1.3803359,1.194573,1.5599047,2.0441403,2.0447664,1.4808853,0.0,0.0,1.4667137,1.8522685,1.7877759,0.0
259,3.4661539,1.7735584,0.0,0.0,1.6285337,0.0,2.0795245,0.0,1.31691,1.7449778,2.0567527,0.90721595,0.0,1.1250999,3.0600474,0.0,1.2545898,2.1870167,1.7358927,2.6747706,2.0628638,1.6656419,2.747942,1.4436729,1.419628,1.9757228,1.0056565,1.8557361,1.2935253,1.1104184,1.618957,1.8576458,1.9799228,1.5451119,0.0,0.0,1.7428344,1.9332447,1.9461023,0.0
260,3.2350163,1.7665585,0.0,0.0,1.7268102,0.0,2.059933,0.0,1.5790089,1.8419713,2.0525744,0.6454368,0.0,1.3903912,2.9869914,0.0,1.3180404,2.3810084,2.1145318,2.3255005,2.0680046,1.6502063,2.937049,1.447695,1.3602489,2.0094361,0.9781431,1.8987178,1.258276,1.0845137,1.578476,1.823252,1.7896034,1.6754627,0.0,0.0,1.8613333,2.045503,1.9234492,0.0
261,2.969515,1.7744744,0.0,0.0,1.7308767,0.0,1.9311144,0.0,1.7000054,1.8438164,2.0532854,0.5241313,0.0,1.5935553,2.95532,0.0,1.4206122,2.4161646,2.2271662,2.1186,2.0249057,1.6959795,2.9880893,1.3988826,1.3157015,2.03659,0.9324274,1.8047596,1.1951183,1.0538005,1.462304,1.8445089,1.5856868,1.8243943,0.0,0.0,1.8242753,2.0961053,1.7854129,0.0
262,2.6527016,1.8390391,0.0,0.0,1.7255719,0.0,1.7479722,0.0,1.7516776,1.8034121,2.1397064,0.53252375,0.0,1.7957616,3.013977,0.0,1.5804123,2.3451364,2.1647453,2.0314112,1.9760412,1.8222324,2.9559722,1.3194419,1.3082517,2.0032141,0.8674468,1.606764,1.1207863,1.0044836,1.3146666,1.9441571,1.4435422,1.9704195,0.0,0.0,1.6947482,2.1387262,1.5934907,0.0
263,2.2774165,1.9011075,0.0,0.0,1.6622714,0.0,1.4790083,0.0,1.7304654,1.7446322,2.2609255,0.65247184,0.0,1.9532208,3.121793,0.0,1.762482,2.154956,1.9345384,2.0356643,1.909936,2.0116725,2.7987876,1.1850733,1.3319112,1.9097012,0.8147068,1.3435758,1.0401478,0.95533866,1.1110319,2.0482378,1.377724,2.0382338,0.0,0.0,1.4429116,2.1351933,1.3640112,0.0
264,1.8436139,1.9923108,0.0,0.0,1.5541601,0.0,1.130612,0.0,1.6966015,1.6543691,2.3770673,0.88602173,0.0,2.070608,3.2553964,0.0,1.9720438,1.8491039,1.611082,2.1342666,1.8297145,2.2168074,2.4771278,0.998618,1.4058466,1.7779555,0.7994188,1.028564,1.0173296,0.9078481,0.9754139,2.1416373,1.4130956,2.0365143,0.0,0.0,1.1228144,2.0555067,1.1649429,0.0
265,1.4755692,2.0796535,0.0,0.0,1.4253026,0.0,0.7655727,0.0,1.7096932,1.6128798,2.4286463,1.1870819,0.0,2.1479607,3.3733091,0.0,2.1524131,1.4966025,1.3278108,2.2597957,1.7790095,2.3873308,2.035882,0.85068095,1.5605211,1.6220707,0.89639556,0.807433,1.067521,0.9230253,0.9843842,2.1992288,1.5789658,1.9465446,0.0,0.0,0.8662568,1.9254677,1.1056405,0.0
266,1.2763739,2.1534216,0.0,0.0,1.2851962,0.0,0.44575915,0.0,1.781477,1.6602561,2.3972795,1.4123192,0.0,2.1766112,3.4330366,0.0,2.2829723,1.1975436,1.2011443,2.4078915,1.7805703,2.4474077,1.5727983,0.7956381,1.7459681,1.479442,1.0501637,0.771268,1.1809374,1.0172704,1.1438551,2.2155724,1.8205427,1.787357,0.0,0.0,0.72106993,1.7848219,1.173735,0.0
267,1.327209,2.2310462,0.0,0.0,1.1264639,0.0,0.22688267,0.0,1.9647524,1.8216906,2.2980871,1.4501721,0.0,2.1763232,3.449372,0.0,2.3245976,1.045108,1.3001627,2.5749295,1.8602318,2.375908,1.2000377,0.8503351,1.9512774,1.4518641,1.2349546,0.9539743,1.3189536,1.1822106,1.4365753,2.210331,2.0378654,1.604586,0.0,0.0,0.7576455,1.7157681,1.3658513,0.0
268,1.5877717,2.2471526,0.0,0.0,0.9487011,0.0,0.10997243,0.0,2.1670406,1.9555905,2.1061163,1.2006686,0.0,2.127718,3.373811,0.0,2.241246,1.0195771,1.5383449,2.7223613,1.9824557,2.1287272,0.9130069,0.98338324,2.088125,1.5081078,1.3483241,1.3190495,1.3950057,1.3880571,1.734682,2.115562,2.0497088,1.3879694,0.0,0.0,0.9532229,1.7208942,1.5806293,0.0
269,1.9863938,2.1788054,0.0,0.0,0.7942493,0.0,0.16176961,0.0,2.288052,2.022256,1.8580045,0.7374376,0.0,2.0256727,3.2108126,0.0,2.0506885,1.1307945,1.8153652,2.7995207,2.063338,1.7468023,0.8039128,1.1360078,2.1066878,1.6650549,1.3563851,1.7309802,1.3395854,1.5843823,1.9367106,2.0193272,1.7948734,1.2333719,0.0,0.0,1.2607999,1.7891746,1.7053604,0.0
270,2.3611302,2.067782,0.0,0.0,0.75103503,0.0,0.40268365,0.0,2.2657108,2.0238607,1.6376396,0.30946544,0.0,1.9504104,3.0706272,0.0,1.8864658,1.3014128,2.0247126,2.839076,2.0904922,1.3949653,0.8722827,1.2924192,2.028205,1.8831714,1.2891097,2.0262694,1.2108127,1.7533976,2.0021133,1.9896705,1.4390248,1.2002796,0.0,0.0,1.5447432,1.8935945,1.6791767,0.0
271,2.6403463,2.0394325,0.0,0.0,0.77608,0.0,0.7072414,0.0,2.1428456,1.9708991,1.5356822,0.066536926,0.0,1.9798474,3.0151875,0.0,1.8218536,1.4740099,2.1381078,2.835918,2.0828264,1.1798017,1.0385277,1.3905258,1.9420079,2.0882518,1.2296573,2.1343515,1.0882832,1.8765455,1.9612386,2.0590649,1.1421387,1.2514244,0.0,0.0,1.6848861,2.0552366,1.6058985,0.0
272,2.735338,1.9664681,0.0,0.0,0.7758078,0.0,0.8921871,0.0,1.9235097,1.8446804,1.5155929,0.0,0.0,1.9998584,2.9936328,0.0,1.779821,1.5745909,2.078543,2.7850018,1.9835128,1.0411899,1.1677825,1.3722372,1.792909,2.203211,1.1340339,2.0268493,0.93325955,1.8924186,1.7954363,2.0957766,0.87146324,1.3073109,0.0,0.0,1.6773325,2.1467326,1.4481252,0.0
273,2.677554,1.8728832,0.0,0.0,0.7425902,0.0,0.96879923,0.0,1.6461607,1.680321,1.5403184,0.0,0.0,2.0279348,3.0002499,0.0,1.7342366,1.6050456,1.9078422,2.6565197,1.8135524,0.95004016,1.2042422,1.2504541,1.6240251,2.2232769,1.0285052,1.7387742,0.7689347,1.8177001,1.5559113,2.1043062,0.6685524,1.3268976,0.0,0.0,1.5589205,2.1708913,1.2516031,0.0
274,2.5693576,1.7677617,0.0,0.0,0.76746345,0.0,1.0378813,0.0,1.3844932,1.5041571,1.6337413,0.0,0.0,2.0841095,3.0982082,0.0,1.7315004,1.59668,1.7033333,2.4997056,1.6360201,0.9540601,1.1891401,1.107008,1.5172501,2.1872637,0.9831528,1.3510698,0.70799255,1.7553114,1.3373275,2.1295748,0.59754086,1.4021531,0.0,0.0,1.4130316,2.1740246,1.1126981,0.0
275,2.3420365,1.6908174,0.0,0.0,0.89791787,0.0,1.1710998,0.0,1.1485174,1.3714296,1.845209,0.10902359,0.0,2.2525642,3.2877052,0.0,1.8306775,1.6142962,1.5428363,2.3107963,1.445142,1.0867826,1.0821092,0.989192,1.4847287,2.0844007,1.0882096,0.9009298,0.77702606,1.7157584,1.1338344,2.1859336,0.7340651,1.5043911,0.0,0.0,1.2522686,2.1518893,1.0590311,0.0
276,1.8917927,1.5953571,0.0,0.0,1.2628083,0.0,1.4656365,0.0,0.99207425,1.3006198,2.117841,0.71796775,0.0,2.4416287,3.481208,0.0,2.0116365,1.5928681,1.45464,1.9652641,1.2624154,1.3962072,0.83536255,0.9423738,1.5175221,1.8058665,1.4114382,0.42231122,1.1372402,1.7213916,0.9888977,2.2124043,1.2950666,1.6460403,0.0,0.0,1.0418088,2.0404038,1.1793708,0.0
277,1.1328006,1.4820927,0.0,0.0,1.9327207,0.0,2.0365016,0.0,1.1127553,1.3185245,2.2277377,1.815864,0.0,2.3431406,3.3143492,0.0,2.1433015,1.4992952,1.5338048,1.3945123,1.1226615,1.8631266,0.5847953,1.0942806,1.6166433,1.2198485,2.074012,0.339151,1.8611342,1.7982885,1.0339725,2.028288,2.3684766,1.8233542,0.0,0.0,0.86851335,1.6716597,1.5999374,0.0
278,0.7877343,1.4656851,0.0,0.0,2.5421956,0.0,2.6132085,0.0,1.5505831,1.4704418,2.0938334,2.7448897,0.0,2.015724,2.7967744,0.0,2.1754384,1.5284312,1.9061903,1.1531646,1.2830719,2.182092,0.7176124,1.5712636,1.7005689,0.8512535,2.6345098,0.99433845,2.516065,1.9458317,1.4498187,1.787837,3.1818554,1.9526626,0.0,0.0,1.0458523,1.422505,2.133486,0.0
279,0.7500319,1.4694499,0.0,0.0,2.7590015,0.0,2.863413,0.0,1.8432685,1.5327444,1.8766236,3.0569124,0.0,1.549627,2.3147886,0.0,2.0608594,1.5187758,2.0654235,1.0840673,1.4737445,2.1589715,0.9430123,1.8705535,1.725406,0.6543137,2.818543,1.6960431,2.7759602,2.0429542,1.6580824,1.6058037,3.3935645,1.930468,0.0,0.0,1.2126267,1.2532147,2.3823752,0.0
280,0.7709141,1.4097699,0.0,0.0,2.7200747,0.0,2.950114,0.0,1.9387466,1.4410752,1.6472534,3.0137796,0.0,1.0824924,1.9152348,0.0,1.8212031,1.4506605,1.958,0.99039245,1.5574896,1.970198,1.0700743,1.9730341,1.6239579,0.4943526,2.7593884,2.1738393,2.7421858,2.0393856,1.6412773,1.4121408,3.2703989,1.8164718,0.0,0.0,1.2621691,1.1082284,2.4421606,0.0
281,0.95813763,1.4353101,0.0,0.0,2.6785533,0.0,3.1327274,0.0,2.0161266,1.3545977,1.5461773,2.9455853,0.0,0.7047629,1.7386786,0.0,1.6527383,1.441247,1.8195442,1.0167046,1.6806599,1.8098184,1.2795401,2.0817013,1.5556325,0.43177328,2.6893334,2.633509,2.6591964,2.094161,1.6001978,1.365799,3.1005833,1.7722008,0.0,0.0,1.3144488,1.0764284,2.4889178,0.0
282,1.2585365,1.5275637,0.0,0.0,2.604455,0.0,3.3544116,0.0,2.0225449,1.2213018,1.5404696,2.8633614,0.0,0.38088438,1.6875724,0.0,1.5475562,1.4618926,1.620559,1.1158829,1.7950759,1.6553855,1.5507226,2.150177,1.5004289,0.4567425,2.5549123,3.041504,2.4911077,2.1604373,1.4991087,1.4157102,2.8512428,1.768709,0.0,0.0,1.3233712,1.1316946,2.510122,0.0
283,1.7000575,1.6674765,0.0,0.0,2.4806557,0.0,3.5046542,0.0,1.9112554,1.0625774,1.5738338,2.7644868,0.0,0.18478188,1.8127706,0.0,1.5321776,1.50653,1.4131302,1.3601208,1.8925012,1.5173748,1.8520193,2.1297078,1.4375882,0.6263803,2.3202918,3.2983518,2.2049458,2.1620295,1.3332856,1.5714097,2.508385,1.747171,0.0,0.0,1.2541523,1.2140245,2.456053,0.0
284,2.1957662,1.826412,0.0,0.0,2.3286493,0.0,3.5196738,0.0,1.6979845,0.91766083,1.6707498,2.6344829,0.0,0.22041568,2.0326624,0.0,1.6633074,1.5643361,1.2753564,1.7253281,1.9147868,1.4421507,2.1462715,2.0641193,1.4001406,0.92647445,2.008017,3.3379312,1.8206236,2.0994527,1.1310065,1.7970583,2.1388812,1.7108716,0.0,0.0,1.0718646,1.3728733,2.3351634,0.0
285,2.497074,1.8618096,0.0,0.0,2.1141934,0.0,3.2790475,0.0,1.3693427,0.7495203,1.737672,2.4605007,0.0,0.42188123,2.108088,0.0,1.8151102,1.6100682,1.1879768,1.9470735,1.7362567,1.3607612,2.2733388,1.8857334,1.3288467,1.1149977,1.6405258,3.017898,1.3429841,1.9022318,0.8454472,1.9337676,1.7933394,1.5556171,0.0,0.0,0.8270016,1.5247905,2.1426122,0.0
286,2.5877073,1.8507388,0.0,0.0,2.0268161,0.0,3.0221481,0.0,1.1295662,0.6932772,1.8331205,2.4280121,0.0,0.7651017,2.0767093,0.0,2.0894182,1.7435375,1.3319675,2.0462906,1.50288,1.3752608,2.2604668,1.7899623,1.2979921,1.2433348,1.4750352,2.5618477,0.9931279,1.7500557,0.64969885,1.9867988,1.6663061,1.3970922,0.0,0.0,0.65778273,1.7405213,2.0960224,0.0
287,2.481396,1.795443,0.0,0.0,2.1926928,0.0,2.7773697,0.0,1.0360085,0.72747886,1.8827,2.5417852,0.0,1.2616246,1.9430312,0.0,2.4480634,1.9122946,1.7882954,2.0683703,1.2273883,1.5377048,2.118859,1.8070406,1.2991861,1.2884072,1.5504724,2.109305,0.96382344,1.6757911,0.5787243,1.9397433,1.8713838,1.3321815,0.0,0.0,0.5404438,1.9745736,2.2432814,0.0
288,2.035564,1.6372342,0.0,0.0,2.5462315,0.0,2.5028315,0.0,1.2169458,0.89208955,1.7614115,2.708982,0.0,1.8098397,1.6989342,0.0,2.7677152,2.0105157,2.4896004,1.9968102,1.0165882,1.7960533,1.766254,1.9154762,1.3348683,1.2411414,1.8398273,1.7448252,1.3052717,1.6317915,0.7513516,1.6642058,2.3205223,1.3155427,0.0,0.0,0.56134564,2.168891,2.4710238,0.0
289,1.3134437,1.372921,0.0,0.0,2.728932,0.0,2.1449006,0.0,1.4657973,1.0459654,1.4098624,2.633254,0.0,2.0464735,1.4046909,0.0,2.7531009,1.9086083,2.9589994,1.7778499,0.88735276,1.905182,1.2681496,1.9371829,1.3049902,1.0798403,2.0802724,1.5490884,1.7769961,1.5613569,1.059625,1.2062166,2.6234872,1.3044381,0.0,0.0,0.6487794,2.1662068,2.4897206,0.0
290,0.8174563,1.1911991,0.0,0.0,2.7916064,0.0,2.0177746,0.0,1.6757184,1.185889,1.1559759,2.5040455,0.0,2.0523622,1.2986467,0.0,2.6218486,1.8155959,3.1076252,1.6581167,0.89573026,1.9387487,1.0290856,1.9951264,1.2666143,0.950109,2.2183778,1.6314846,2.163186,1.5812532,1.3817183,0.9159791,2.7517025,1.3648038,0.0,0.0,0.78893477,2.1313853,2.444594,0.0
291,0.46245238,1.0268148,0.0,0.0,2.7466736,0.0,2.02848,0.0,1.7440424,1.2232845,0.9511513,2.3439097,0.0,1.904861,1.2329769,0.0,2.43667,1.7029749,3.0442302,1.5565152,0.8783523,1.8814012,0.9511159,2.0074978,1.1758473,0.79944056,2.1804624,1.763038,2.3473206,1.5609128,1.5652566,0.69460666,2.7387762,1.3633909,0.0,0.0,0.82342577,2.1004672,2.3542302,0.0
292,0.2028969,0.8817201,0.0,0.0,2.6543124,0.0,2.1420467,0.0,1.7235548,1.1998446,0.80879205,2.2062902,0.0,1.7344882,1.204536,0.0,2.2801526,1.6132425,2.933817,1.4931395,0.8061813,1.7965416,1.0031378,2.0148063,1.071867,0.64846504,2.0322163,1.9124072,2.3999455,1.494683,1.6725905,0.5445633,2.6880558,1.3084291,0.0,0.0,0.7706116,2.097429,2.2814183,0.0
293,0.0,0.73368096,0.0,0.0,2.5201144,0.0,2.3815334,0.0,1.646495,1.1664506,0.7223613,2.05599,0.0,1.5596622,1.2343726,0.0,2.1793568,1.5359975,2.8350587,1.5024533,0.6785099,1.7139213,1.1968572,2.0177033,0.9685534,0.5199229,1.7583568,2.0744483,2.3437264,1.3667445,1.7757295,0.4638513,2.6208231,1.1687642,0.0,0.0,0.6602246,2.0839143,2.227096,0.0
294,0.0,0.6565008,0.0,0.0,2.287363,0.0,2.7057498,0.0,1.5452063,1.2233773,0.7519589,1.8956324,0.0,1.4481306,1.2939546,0.0,2.1677747,1.4544237,2.8084855,1.6124452,0.5077298,1.6335098,1.5889168,2.0297508,0.9491503,0.50328475,1.3395307,2.2406683,2.0917363,1.1760882,1.8960654,0.5603459,2.514201,0.9057016,0.0,0.0,0.52296317,2.029436,2.1966584,0.0
295,0.07339925,0.79723483,0.0,0.0,1.9261388,0.0,2.9707024,0.0,1.4706506,1.4749361,0.9390138,1.667797,0.0,1.4510376,1.4669151,0.0,2.256068,1.3961213,2.875063,1.8872803,0.42450756,1.538799,2.1582391,2.0484338,1.0822297,0.8053127,0.8109824,2.3362646,1.608938,1.0223974,2.036408,1.0202446,2.3219392,0.6292981,0.0,0.0,0.528312,1.7859826,2.0869117,0.0
296,0.47798038,0.9376213,0.0,0.0,1.4817579,0.0,2.7433584,0.0,1.4291861,1.6929862,1.1020411,1.3356785,0.0,1.461689,1.4958088,0.0,2.2310925,1.2243923,2.792567,2.1102312,0.5137812,1.3544637,2.4007576,1.8741975,1.222064,1.2189047,0.3932045,2.162514,0.9933211,0.9010046,1.9706539,1.5469835,1.9283394,0.3674437,0.0,0.0,0.6712498,1.2833147,1.8305887,0.0
297,0.7912183,1.0839721,0.0,0.0,1.2005906,0.0,2.2696304,0.0,1.4767491,1.812537,1.1566482,1.049941,0.0,1.4686502,1.3536786,0.0,2.128478,1.031108,2.6887023,2.1671593,0.7042706,1.1689633,2.274061,1.6628599,1.2803265,1.5482765,0.25753242,1.8721541,0.5818162,0.89062256,1.8181249,1.8796699,1.5857971,0.2527614,0.0,0.0,0.8968974,0.7640573,1.5755032,0.0
298,1.0246052,1.2213147,0.0,0.0,1.1672349,0.0,1.8868207,0.0,1.6583487,1.9553231,1.1300044,0.9542678,0.0,1.5068303,1.2062106,0.0,2.0637605,0.909697,2.7077038,2.1933153,0.9615589,1.0763751,2.0602474,1.5714715,1.3429062,1.8107193,0.34944367,1.6822398,0.45324367,0.98512435,1.7327696,2.0620198,1.39933,0.31114554,0.0,0.0,1.1628203,0.44932035,1.448151,0.0
299,1.1449815,1.3568742,0.0,0.0,1.2507949,0.0,1.5511049,0.0,1.8678992,2.0705116,1.0563557,0.93406487,0.0,1.6123635,1.0431093,0.0,1.9915376,0.849457,2.789006,2.1734886,1.2419335,1.0015275,1.8091757,1.5282019,1.3533322,2.006111,0.6043273,1.603979,0.4827352,1.1533958,1.725919,2.1524336,1.3269507,0.46632168,0.0,0.0,1.4615369,0.18768421,1.3864022,0.0
300,1.1447935,1.451053,0.0,0.0,1.4014844,0.0,1.1869837,0.0,2.0575569,2.1208334,0.92658156,0.9159937,0.0,1.6923916,0.86407965,0.0,1.8834491,0.79751474,2.8283474,2.083259,1.4868407,0.907751,1.5165653,1.4783034,1.2884268,2.1158388,0.8811467,1.532232,0.61214596,1.3121911,1.6915305,2.1169937,1.2618116,0.6566034,0.0,0.0,1.6886694,0.0124366805,1.3433226,0.0
301,1.1728616,1.5385884,0.0,0.0,1.6577642,0.0,0.8463968,0.0,2.2738473,2.1939402,0.79136115,1.0149139,0.0,1.7963675,0.74110526,0.0,1.7957093,0.79768133,2.8457594,2.0010219,1.8038826,0.86115104,1.2256792,1.480613,1.2351358,2.1699417,1.2602274,1.4637512,0.8962805,1.569077,1.7354394,2.0578825,1.2005013,1.0106597,0.0,0.0,1.9107025,0.0,1.3273858,0.0
302,1.1565597,1.5950378,0.0,0.0,1.9770836,0.0,0.498257,0.0,2.4088569,2.1979625,0.62550235,1.1785712,0.0,1.869669,0.70168227,0.0,1.6604578,0.83886886,2.6921368,1.8449707,2.1115334,0.8120627,0.98263013,1.4998028,1.1334996,2.0942388,1.6806128,1.3791698,1.3189311,1.8894277,1.7818516,1.8840916,1.1102558,1.4957803,0.0,0.0,2.0763187,0.1733923,1.2905596,0.0
303,1.19985,1.5763283,0.0,0.0,2.3045316,0.0,0.24009196,0.0,2.3490586,2.102785,0.5410407,1.4468108,0.0,1.9137695,0.837312,0.0,1.4971102,0.9799615,2.3381417,1.6255296,2.333512,0.7980109,0.85916054,1.4749177,1.0347328,1.8776389,2.1330066,1.2793614,1.8735001,2.2243707,1.83401,1.5776446,0.9958107,2.1082346,0.0,0.0,2.0491474,0.6996789,1.2385558,0.0
304,1.2926377,1.4000055,0.0,0.0,2.4771886,0.0,0.26934263,0.0,2.0479503,1.9450352,0.65387744,1.7754864,0.0,1.8506055,1.2201473,0.0,1.4347528,1.1961973,1.879349,1.4647496,2.319713,0.90825397,0.98470384,1.4037681,0.9918508,1.5545048,2.4097335,1.2123926,2.3376384,2.4379802,1.8955255,1.2378862,0.9420884,2.5250044,0.0,0.0,1.8226479,1.4585085,1.2070996,0.0
305,1.5743804,1.313875,0.0,0.0,2.5790818,0.0,0.6382444,0.0,1.7116046,1.8618844,1.0414162,2.1321006,0.0,1.8655564,1.7676646,0.0,1.6155126,1.447676,1.7490573,1.4757676,2.1789255,1.0914226,1.3499157,1.4671364,1.2628708,1.3562382,2.5584345,1.2857231,2.689944,2.511711,2.1065657,1.1216681,1.1257116,2.7014725,0.0,0.0,1.5925548,2.3390174,1.3362333,0.0
306,1.8533267,1.1909918,0.0,0.0,2.5446978,0.0,1.0686052,0.0,1.4718513,1.8542714,1.3884846,2.3257003,0.0,1.9137801,2.1324642,0.0,1.8589644,1.623676,1.9054165,1.5554876,1.8951999,1.2620136,1.7504966,1.5411639,1.6106728,1.334332,2.5397012,1.3415561,2.809228,2.4591913,2.3481255,1.0767035,1.3006285,2.5908132,0.0,0.0,1.4402126,3.0187588,1.439398,0.0
307,2.143191,1.0393459,0.0,0.0,2.4243379,0.0,1.4017736,0.0,1.271308,1.9241489,1.6329427,2.3172207,0.0,1.9827231,2.1885867,0.0,2.1049814,1.7016189,2.2993462,1.6383919,1.5608631,1.3349692,2.0707781,1.6371429,1.9874209,1.3895961,2.4519877,1.4191598,2.740085,2.3172011,2.562524,1.0480926,1.4322194,2.1960526,0.0,0.0,1.3721136,3.4307394,1.5380486,0.0
308,2.295282,0.7880933,0.0,0.0,2.215344,0.0,1.6351115,0.0,1.1861308,2.008717,1.7037576,2.069574,0.0,1.9375103,1.8957292,0.0,2.3027306,1.6225696,2.8637474,1.7324824,1.1608156,1.300394,2.2576077,1.6946216,2.286668,1.49344,2.2730238,1.5233942,2.49664,2.0630376,2.6817667,0.984182,1.4651538,1.5156858,0.0,0.0,1.3868046,3.4808092,1.5540515,0.0
309,2.3866563,0.7719705,0.0,0.0,2.0940063,0.0,1.9492648,0.0,1.4356762,2.1735733,1.6449591,1.7684803,0.0,1.8767228,1.4930092,0.0,2.5865664,1.5553577,3.6290338,2.05524,0.9694486,1.3420889,2.3545635,1.8291733,2.562919,1.8231637,2.1487074,1.8279269,2.2111983,1.910118,2.7718582,1.1434946,1.5654831,0.864249,0.0,0.0,1.696826,3.0942998,1.618,0.0
310,2.2406437,0.8973762,0.0,0.0,1.9802322,0.0,2.0528948,0.0,1.7460458,2.121609,1.3694708,1.4278439,0.0,1.6483777,1.0648911,0.0,2.6139367,1.3179421,3.9417915,2.2705262,1.0057888,1.2909893,2.109245,1.8405085,2.4863265,2.0557363,1.9725397,2.1120489,1.8903611,1.7528816,2.5900009,1.3390102,1.5873202,0.45973954,0.0,0.0,1.9673858,2.2613194,1.5412023,0.0
311,1.9724247,1.0228367,0.0,0.0,1.8420293,0.0,1.9289033,0.0,1.9352161,1.8736274,1.0104727,1.135864,0.0,1.395571,0.71023184,0.0,2.4197586,1.0789188,3.801226,2.2791736,1.1108062,1.1682092,1.7338374,1.7354281,2.1714406,2.0806262,1.8091602,2.2163277,1.655364,1.6278294,2.281507,1.4321179,1.4543747,0.33195361,0.0,0.0,2.0937686,1.494987,1.3400996,0.0
312,1.6761893,1.1394516,0.0,0.0,1.7691804,0.0,1.7479836,0.0,2.0014076,1.5989192,0.68323123,0.95972675,0.0,1.1759782,0.49382758,0.0,2.2018826,0.900845,3.5160255,2.2339294,1.2441037,1.047911,1.3948517,1.6022826,1.8091974,2.0251422,1.7242559,2.2143803,1.545213,1.5737892,2.0292275,1.4861748,1.3090147,0.37872645,0.0,0.0,2.1495996,0.93986124,1.0981843,0.0
313,1.3612795,1.2330979,0.0,0.0,1.6536862,0.0,1.5038675,0.0,1.9556677,1.2303956,0.35785308,0.85982066,0.0,0.94784933,0.3261869,0.0,1.9263184,0.7111833,3.1144354,2.1045053,1.3686119,0.8654931,1.0543163,1.3973207,1.3960526,1.9015898,1.6689359,2.0996323,1.5265064,1.5262648,1.7990239,1.5177019,1.0927118,0.51801264,0.0,0.0,2.1557307,0.5927897,0.7644893,0.0
314,1.1126872,1.434831,0.0,0.0,1.5825435,0.0,1.2543455,0.0,1.8589765,0.8612658,0.14093679,0.90161383,0.0,0.7909476,0.34036332,0.0,1.6952915,0.6138682,2.580848,1.9639361,1.6425946,0.73542076,0.758428,1.2015136,1.036639,1.7238206,1.7047908,1.9869932,1.6945982,1.5684443,1.6730586,1.6397729,0.87900877,0.8773244,0.0,0.0,2.1745772,0.4974175,0.40511328,0.0
315,0.9976214,1.7421622,0.0,0.0,1.5316246,0.0,1.0955147,0.0,1.7004932,0.53618926,0.24387494,1.1816202,0.0,0.79399896,0.7706768,0.0,1.5818472,0.73664707,1.8518559,1.8398113,2.0250325,0.7956,0.667309,1.0637656,0.8043312,1.473317,1.9029285,1.8384756,2.0220587,1.7643508,1.6872684,1.8682508,0.81781954,1.5264548,0.0,0.0,2.0791368,0.8413469,0.13764168,0.0
316,1.0634153,1.9484808,0.0,0.0,1.4091266,0.0,1.0469241,0.0,1.3478707,0.3992427,0.6747632,1.5474575,0.0,1.0194483,1.5303044,0.0,1.5909812,1.0281352,1.0691344,1.6771116,2.2375138,1.0280033,0.80045164,0.98460174,0.82743675,1.2035993,1.9982088,1.5367427,2.2175424,1.8926877,1.7689465,2.0334594,0.9351899,2.082776,0.0,0.0,1.7290503,1.5499847,0.15124728,0.0
317,1.2383989,2.022588,0.0,0.0,1.2571278,0.0,1.074919,0.0,1.0205839,0.4273998,1.0817713,1.8954269,0.0,1.2689373,2.125777,0.0,1.6337979,1.2443407,0.5573616,1.5202091,2.268559,1.2345564,1.0095465,0.947768,0.9929101,0.9943458,1.9388978,1.3775898,2.219175,1.8349264,1.849913,2.1099248,1.1244594,2.2965324,0.0,0.0,1.3986694,2.1132593,0.32843304,0.0
318,1.5380287,2.080119,0.0,0.0,1.2618308,0.0,1.3331074,0.0,0.94098586,0.6733159,1.5552653,2.1629674,0.0,1.6302451,2.6726482,0.0,1.9291852,1.5692114,0.54894125,1.620734,2.288426,1.5564042,1.3393342,1.1082907,1.3931211,1.0221324,2.0648324,1.4102017,2.2473686,1.8883225,2.0932403,2.2094302,1.4625846,2.385965,0.0,0.0,1.2625892,2.5882807,0.6957503,0.0
319,1.7256157,2.0608754,0.0,0.0,1.1722071,0.0,1.6097523,0.0,0.8703742,0.8503311,1.8529431,2.278709,0.0,1.8615749,2.9761913,0.0,2.142175,1.7587001,0.61499447,1.691814,2.1970105,1.7827696,1.5433574,1.2267121,1.747343,1.0815685,2.1272335,1.4570782,2.1831448,1.8982317,2.268133,2.175409,1.677922,2.2988586,0.0,0.0,1.1902193,2.841483,0.9265457,0.0
320,1.9375017,2.0194876,0.0,0.0,1.1164356,0.0,1.9384893,0.0,0.90266913,1.0229961,2.0631266,2.3601408,0.0,2.0334456,3.2029598,0.0,2.3587143,1.9535041,0.7542874,1.8236294,2.1663742,2.0330293,1.7395022,1.3584278,2.083033,1.2055448,2.2307174,1.5806535,2.1841805,1.9526993,2.4718776,2.1080034,1.8683754,2.235971,0.0,0.0,1.2304734,2.9743724,1.1531429,0.0
321,2.1140325,1.8891623,0.0,0.0,1.0517081,0.0,2.3170018,0.0,0.96571374,1.078002,2.1723094,2.4124503,0.0,2.1405914,3.3204563,0.0,2.5407922,2.140774,0.8827223,1.9559674,2.1154337,2.2540586,1.8794863,1.413421,2.333634,1.3178774,2.3603103,1.7499114,2.2305472,1.9938937,2.6235592,1.9469199,2.0183537,2.1357365,0.0,0.0,1.3204179,2.9307451,1.3567973,0.0
322,2.1946554,1.6732864,0.0,0.0,1.0222089,0.0,2.7539945,0.0,1.06136,1.0191834,2.184125,2.4550107,0.0,2.1209564,3.3510194,0.0,2.6348562,2.3067126,0.9788708,2.0243623,1.9912475,2.439815,1.9726739,1.3777711,2.4527314,1.3868331,2.5020106,1.925773,2.3471205,2.0577826,2.6919293,1.6810851,2.0992944,2.0553966,0.0,0.0,1.4551173,2.6846175,1.517403,0.0
323,2.1742222,1.465055,0.0,0.0,1.1264632,0.0,3.1741743,0.0,1.2067065,0.89745647,2.1509478,2.5622437,0.0,2.016244,3.3719425,0.0,2.6445353,2.4763205,1.0875008,2.0199912,1.8225425,2.5725968,2.0657523,1.3051465,2.401643,1.3908163,2.6820629,2.0915046,2.5863512,2.1955445,2.6928627,1.4434493,2.1814358,2.119782,0.0,0.0,1.6140145,2.3236482,1.6460274,0.0
324,2.0166764,1.3664783,0.0,0.0,1.334409,0.0,3.3871353,0.0,1.3369552,0.775591,2.1746721,2.7208657,0.0,1.8705868,3.3631341,0.0,2.5619612,2.588637,1.1795124,1.89656,1.5913949,2.5565674,2.1404512,1.194308,2.1581042,1.2588646,2.8254304,2.1320617,2.8818486,2.3890553,2.6136322,1.3434985,2.2271779,2.2742443,0.0,0.0,1.7120832,2.022289,1.7158884,0.0
325,1.8034921,1.3977828,0.0,0.0,1.5330153,0.0,3.259042,0.0,1.4072876,0.72913766,2.2509336,2.8999982,0.0,1.7527128,3.3146684,0.0,2.4226964,2.6028287,1.2554713,1.6697954,1.3706951,2.4059408,2.191984,1.1420768,1.8823414,1.0212265,2.8713436,2.0255973,3.0906265,2.5553615,2.5071623,1.4212375,2.281701,2.4887547,0.0,0.0,1.6713037,1.892009,1.7344502,0.0
326,1.5720239,1.4936031,0.0,0.0,1.5932388,0.0,2.783943,0.0,1.3886559,0.7464935,2.332879,2.9710238,0.0,1.6740205,3.1715665,0.0,2.2389638,2.4864862,1.2639463,1.364023,1.1628422,2.125811,2.1661274,1.1207747,1.6489507,0.7266041,2.7916203,1.7764599,3.0843055,2.6053011,2.3746347,1.5764425,2.3013527,2.5936265,0.0,0.0,1.4849524,1.9216532,1.6868205,0.0
327,1.4304273,1.6403754,0.0,0.0,1.5733812,0.0,2.164851,0.0,1.4182049,0.89288616,2.472837,2.9900901,0.0,1.6929868,3.0148783,0.0,2.1495852,2.3298652,1.3110042,1.1504073,1.0549688,1.8793111,2.1079142,1.1773686,1.5981604,0.49743763,2.735342,1.5140835,2.9545236,2.614084,2.3270833,1.7946744,2.3380122,2.60216,0.0,0.0,1.2808467,2.1062276,1.6704203,0.0
328,1.521658,1.9999347,0.0,0.0,1.5711554,0.0,1.6109254,0.0,1.6092168,1.2276375,2.7146862,3.0619967,0.0,1.885567,2.990717,0.0,2.2575078,2.2585557,1.5366541,1.1770312,1.1641853,1.7552298,2.1622553,1.462574,1.8008393,0.47944,2.7849736,1.4078374,2.8399236,2.7192626,2.4505558,2.1735058,2.5420413,2.6616104,0.0,0.0,1.1971884,2.4419637,1.8023194,0.0
329,1.6747705,2.338827,0.0,0.0,1.4763238,0.0,1.009995,0.0,1.845854,1.6008307,2.8372028,3.0146792,0.0,2.103171,2.9041615,0.0,2.3650782,2.1001132,1.7439973,1.2975351,1.3563606,1.6768605,2.1471965,1.8022258,2.0526214,0.5578755,2.7992742,1.3470799,2.6074822,2.764241,2.5371773,2.4936757,2.7428486,2.6465423,0.0,0.0,1.1014296,2.7184103,1.934361,0.0
330,1.8405957,2.5915968,0.0,0.0,1.3154743,0.0,0.39651307,0.0,2.0951426,1.9517195,2.7458467,2.8069713,0.0,2.2293785,2.6417766,0.0,2.4017746,1.8605031,1.9257458,1.5194097,1.5912374,1.620203,2.003934,2.1703665,2.2863324,0.7043531,2.729,1.3260483,2.2242029,2.7134917,2.4954896,2.6611726,2.858296,2.4836617,0.0,0.0,1.0071294,2.7957373,1.9943415,0.0
331,1.9534112,2.732845,0.0,0.0,1.1494379,0.0,0.0,0.0,2.3363252,2.1743124,2.432037,2.4455836,0.0,2.1832871,2.3017962,0.0,2.3054283,1.5376382,2.0404432,1.7855861,1.8145486,1.5766771,1.7462482,2.4270692,2.4449003,0.91688895,2.573065,1.3457611,1.800866,2.5162425,2.3023021,2.6307957,2.8278887,2.20639,0.0,0.0,0.8867276,2.626893,1.961025,0.0
332,2.028094,2.6963513,0.0,0.0,0.99954265,0.0,0.0,0.0,2.4823692,2.209668,1.930683,2.0254836,0.0,1.9349622,1.984883,0.0,2.0259404,1.1092892,1.9770654,1.9883648,1.9875467,1.5611275,1.3761373,2.5076897,2.4661598,1.1376951,2.3140676,1.3461775,1.4297812,2.160712,1.9357573,2.4222958,2.5990267,1.9585233,0.0,0.0,0.7359495,2.2154765,1.8199905,0.0
333,2.127052,2.609462,0.0,0.0,0.9888427,0.0,0.0,0.0,2.547346,2.1763945,1.4999276,1.7856884,0.0,1.6307043,1.8807977,0.0,1.7872555,0.8220333,1.855611,2.233679,2.1597896,1.7057735,1.0665829,2.5451696,2.369095,1.3657832,2.0531821,1.4071684,1.2555447,1.8560928,1.50466,2.2216907,2.3585253,1.8352981,0.0,0.0,0.59227234,1.795696,1.6641648,0.0
334,2.2475183,2.539626,0.0,0.0,1.103262,0.0,0.0,0.0,2.5051813,2.069003,1.1959907,1.7619197,0.0,1.2837554,2.0749211,0.0,1.6176896,0.62911296,1.6102415,2.4361165,2.3171835,1.9368569,0.8583194,2.4980822,2.2183325,1.5844254,1.8070816,1.4157819,1.2998523,1.5759302,1.0983912,2.0976841,2.124313,1.9205705,0.0,0.0,0.43884346,1.425181,1.5483328,0.0
335,2.3513105,2.458381,0.0,0.0,1.3407687,0.0,0.50483954,0.0,2.3059971,1.9623774,1.1722381,1.9534216,0.0,0.99947405,2.506143,0.0,1.5369619,0.6084197,1.3261012,2.555456,2.406678,2.279677,0.805115,2.402801,1.9680436,1.722593,1.4645659,1.401601,1.4462245,1.3159539,0.7137252,2.160606,1.935465,2.0822139,0.0,0.0,0.30675676,1.1942261,1.376011,0.0
336,2.3259647,2.2703426,0.0,0.0,1.6028252,0.0,1.2157418,0.0,1.843103,1.7720398,1.2939788,2.170961,0.0,0.7786918,2.9858756,0.0,1.5289,0.7064164,0.98986804,2.4562209,2.237946,2.4958432,0.8903736,2.1286292,1.6048657,1.7174629,1.013973,1.2838491,1.5462285,1.0532165,0.40672025,2.2806704,1.7024186,2.1208053,0.0,0.0,0.21377227,1.1087325,1.162995,0.0
337,2.1670797,1.9828387,0.0,0.0,1.7472949,0.0,1.7910265,0.0,1.276513,1.5749313,1.5162164,2.2572904,0.0,0.7083742,3.2647595,0.0,1.5834619,0.87292975,0.72998244,2.1599123,1.8547779,2.4565237,1.0634065,1.7492747,1.2615738,1.5984067,0.6122504,1.0904921,1.4996325,0.8753612,0.3138998,2.3983448,1.4846685,1.9732548,0.0,0.0,0.23636582,1.1546738,0.9990142,0.0
338,2.0135067,1.7965482,0.0,0.0,1.82652,0.0,2.1416054,0.0,0.85595447,1.4914325,1.7242211,2.2263465,0.0,0.8018455,3.4048421,0.0,1.7650198,1.0737847,0.6838082,1.9452444,1.5038859,2.294136,1.3191009,1.4907286,1.0824002,1.535834,0.3816523,1.0384389,1.3844455,0.81641227,0.42126295,2.5338607,1.4146746,1.7366863,0.0,0.0,0.3466427,1.2851958,0.95041925,0.0
339,2.062958,1.8122356,0.0,0.0,1.9129288,0.0,2.357737,0.0,0.7138189,1.5771818,1.9551839,2.2065272,0.0,1.032918,3.5479877,0.0,2.0960019,1.3048859,0.8565677,1.9800621,1.3602762,2.196972,1.6124704,1.4623159,1.1058551,1.6246065,0.29280573,1.1627481,1.309281,0.92781854,0.6886351,2.7582045,1.5221543,1.552124,0.0,0.0,0.5928605,1.4899455,1.0465027,0.0
340,2.1049902,1.8592508,0.0,0.0,1.940104,0.0,2.459928,0.0,0.66615224,1.6767101,2.068536,2.0645442,0.0,1.2344499,3.5668237,0.0,2.3695934,1.525881,1.0289613,2.1217134,1.2644477,2.0754714,1.866946,1.4948257,1.160421,1.7414802,0.23731321,1.2845893,1.1295222,1.0236292,0.9166995,2.9201386,1.617259,1.2925316,0.0,0.0,0.8503547,1.6299787,1.1583552,0.0
341,2.173693,1.9398501,0.0,0.0,1.941813,0.0,2.4948144,0.0,0.71933734,1.774416,2.0632079,1.8159324,0.0,1.4224752,3.518524,0.0,2.5890126,1.7299769,1.2211789,2.3570168,1.2518078,1.9567546,2.090438,1.5628356,1.2384003,1.9106137,0.18992978,1.4821197,0.9268935,1.1165396,1.118576,3.0044205,1.707137,1.0213141,0.0,0.0,1.1324676,1.6902249,1.2829853,0.0
342,2.2295852,2.0018063,0.0,0.0,1.9174018,0.0,2.505122,0.0,0.8812485,1.8142263,1.9438298,1.4823385,0.0,1.540127,3.4000432,0.0,2.7234292,1.9249669,1.4150363,2.6774285,1.3077701,1.8292972,2.28203,1.6278946,1.2940431,2.0966578,0.17658418,1.7525615,0.76966476,1.2234616,1.2842697,2.9630864,1.7777444,0.7766702,0.0,0.0,1.4315064,1.6539845,1.4185814,0.0
343,2.2766478,2.0814126,0.0,0.0,1.8862903,0.0,2.5032735,0.0,1.1311592,1.7746651,1.7035767,1.0680838,0.0,1.6357073,3.193584,0.0,2.696324,2.075896,1.687983,3.0013402,1.4456497,1.6872379,2.39698,1.6614445,1.4060079,2.3068013,0.23362154,2.0686886,0.69402623,1.3168527,1.439174,2.7726607,1.8301748,0.60393727,0.0,0.0,1.7829185,1.5489702,1.557358,0.0
344,2.2405658,2.17558,0.0,0.0,1.8780391,0.0,2.4973335,0.0,1.4618595,1.6638014,1.3971734,0.67211986,0.0,1.6469287,2.928901,0.0,2.5237298,2.1557128,2.0028825,3.2739604,1.6538792,1.5323124,2.4201448,1.6602265,1.5449765,2.4767468,0.40213066,2.3809168,0.8001801,1.4453912,1.5777525,2.4335992,1.8386561,0.5881826,0.0,0.0,2.1139064,1.398196,1.6779842,0.0
345,2.0752645,2.2545226,0.0,0.0,1.8582034,0.0,2.464182,0.0,1.7704004,1.5000277,1.1431195,0.3596466,0.0,1.5231276,2.600515,0.0,2.1628447,2.0681,2.2927856,3.338956,1.8816632,1.3736923,2.3135254,1.5738792,1.7186394,2.5516798,0.66575265,2.5911627,1.0831453,1.5759863,1.6584803,1.9931488,1.8121053,0.7512286,0.0,0.0,2.3393087,1.2338848,1.7203346,0.0
346,1.7470886,2.2921803,0.0,0.0,1.7883153,0.0,2.319583,0.0,1.9031167,1.2946508,1.0008388,0.17682236,0.0,1.2242829,2.1785233,0.0,1.671413,1.7401351,2.4665751,3.0986102,2.0322032,1.1480242,2.0438015,1.3888736,1.8974558,2.4542892,0.92369634,2.5688987,1.416253,1.6499637,1.6066543,1.530988,1.7002338,0.9691629,0.0,0.0,2.3763294,1.0453552,1.6319735,0.0
347,1.3887842,2.3897111,0.0,0.0,1.770961,0.0,2.1808434,0.0,1.92523,1.2490356,1.1035476,0.24616793,0.0,0.93104243,1.8581907,0.0,1.2824045,1.3060058,2.6545887,2.7007816,2.1188512,1.0370677,1.7315133,1.2519736,2.1801,2.3288949,1.2410002,2.4401891,1.7087134,1.8022388,1.6069416,1.3024995,1.6655749,1.2834978,0.0,0.0,2.314942,0.972256,1.4968406,0.0
348,1.0717875,2.5288203,0.0,0.0,1.7983708,0.0,1.986544,0.0,1.832622,1.3754829,1.3939537,0.53092325,0.0,0.7125442,1.6477169,0.0,1.1597298,0.7974255,2.8129644,2.2977674,2.107496,1.0120381,1.4595361,1.2244579,2.5472355,2.2271705,1.5225503,2.2253482,1.8431164,2.0044606,1.6616073,1.3820395,1.7329968,1.5146921,0.0,0.0,2.1435297,1.0238562,1.3130246,0.0
349,0.82487386,2.5977595,0.0,0.0,1.826255,0.0,1.695812,0.0,1.5860664,1.5981646,1.7512897,0.9046014,0.0,0.62724453,1.522367,0.0,1.3211436,0.31874454,2.837325,1.9694715,1.9620346,1.0082561,1.246362,1.2956938,2.8325038,2.1278844,1.719672,1.9137133,1.6595958,2.160002,1.7305561,1.6532564,1.8545423,1.5473934,0.0,0.0,1.9000144,1.0955427,1.1085153,0.0
350,0.78072673,2.6136339,0.0,0.0,1.8928092,0.0,1.4708458,0.0,1.3592649,1.8659302,2.0083292,1.3083813,0.0,0.757023,1.5901738,0.0,1.7635264,0.15426764,2.795574,1.9697188,1.8302392,1.049312,1.2708082,1.5204473,2.9842863,2.1015604,1.8497629,1.7279427,1.3335806,2.3165362,1.8743926,2.091065,2.0754652,1.4339563,0.0,0.0,1.7518933,1.2612236,1.0226473,0.0
351,0.9186719,2.5183623,0.0,0.0,1.9482975,0.0,1.2809108,0.0,1.1478311,2.0504282,2.062005,1.5589446,0.0,1.0249858,1.7393414,0.0,2.2919352,0.26055685,2.6335778,2.2040162,1.7042044,1.0950582,1.4205625,1.783272,2.930069,2.0865872,1.8986217,1.663738,0.9345164,2.3968508,1.9748627,2.462356,2.3093023,1.193458,0.0,0.0,1.6734471,1.3916292,1.0481563,0.0
352,1.1798589,2.3057601,0.0,0.0,2.0260131,0.0,1.2165653,0.0,0.9836581,2.155344,1.949701,1.7761178,0.0,1.3436471,1.8381529,0.0,2.6917074,0.5031269,2.4660249,2.4990087,1.5958636,1.1558567,1.5938194,1.936416,2.8025181,2.0722287,1.9179752,1.6799116,0.62702715,2.4505088,2.0039036,2.5982096,2.5092447,0.93775785,0.0,0.0,1.7246876,1.4123684,1.1594754,0.0
353,1.4921913,1.9727182,0.0,0.0,2.184067,0.0,1.3076133,0.0,0.85628486,2.2371132,1.7609583,1.9231421,0.0,1.6626773,1.8825506,0.0,2.9618793,0.7548472,2.373412,2.7939942,1.5450237,1.2543471,1.7185063,2.0143998,2.6518726,2.1064136,1.9348981,1.7805945,0.45846686,2.4666564,1.9875199,2.5035274,2.6351233,0.72777736,0.0,0.0,1.8031747,1.3714898,1.3105514,0.0
354,1.8438898,1.5686318,0.0,0.0,2.3834023,0.0,1.4527194,0.0,0.82949233,2.231251,1.5636314,1.9771262,0.0,1.9972224,1.979527,0.0,3.1372762,1.1976643,2.3966527,3.1205637,1.5309417,1.340323,1.9612262,2.132964,2.4232705,2.1017466,1.9673572,1.9523355,0.4097211,2.4658191,1.9709905,2.309537,2.7767637,0.6090399,0.0,0.0,1.8911574,1.4285455,1.5724353,0.0
355,2.1339478,0.9983468,0.0,0.0,2.5565877,0.0,1.5933151,0.0,0.8117833,2.1138945,1.3051683,1.9073465,0.0,2.2641218,1.9635984,0.0,3.0491292,1.6396956,2.461999,3.2552598,1.4724575,1.3381287,2.1543975,2.1537404,2.107011,2.0189166,1.9590535,2.0772724,0.43397108,2.3795066,1.8715519,1.896153,2.7794707,0.52512175,0.0,0.0,1.9392407,1.4699361,1.8519098,0.0
356,2.3492386,0.3593092,0.0,0.0,2.6775746,0.0,1.7437152,0.0,0.8318058,1.9269661,1.0877748,1.7517778,0.0,2.432864,1.8188726,0.0,2.6872945,1.9812814,2.6201687,3.1113427,1.3521353,1.2696549,2.2631,2.0688386,1.7697266,1.8646494,1.8810908,2.1289735,0.58852416,2.22483,1.6962651,1.3679781,2.65473,0.5366651,0.0,0.0,1.9688704,1.5521597,2.1265337,0.0
357,2.456259,0.0,0.0,0.0,2.7731183,0.0,1.943231,0.0,1.0573573,1.8589889,1.1282313,1.6388353,0.0,2.5184972,1.687096,0.0,2.241483,2.2132907,3.0114312,2.8025134,1.289221,1.2682021,2.2815604,1.9745003,1.6046649,1.7532113,1.8996494,2.150363,0.96934724,2.1499097,1.6469737,0.95047116,2.4131613,0.75305104,0.0,0.0,2.0148962,1.7501009,2.3987367,0.0
358,2.3875387,0.0,0.0,0.0,2.7326622,0.0,2.0091908,0.0,1.4113168,1.8899285,1.2908562,1.5180289,0.0,2.4275212,1.5045966,0.0,1.7655021,2.160438,3.4227545,2.3032846,1.275427,1.2679172,2.1282213,1.8508106,1.59228,1.7257735,1.9003917,2.0541666,1.3791422,2.0932734,1.6774141,0.7654826,2.0810435,1.1204972,0.0,0.0,1.9932492,1.8899393,2.4923084,0.0
359,2.1685424,0.0,0.0,0.0,2.5841007,0.0,1.8894931,0.0,1.7837049,1.9440289,1.4884194,1.3993767,0.0,2.2176163,1.3229462,0.0,1.4462336,1.8288767,3.7291672,1.8222576,1.2739385,1.2821847,1.7787063,1.7366679,1.7400444,1.7335106,1.8823494,1.9069412,1.6628572,2.1063688,1.7690159,0.8521839,1.6838292,1.4757259,0.0,0.0,1.9344369,1.91378,2.4222124,0.0
360,1.9058336,0.22697033,0.0,0.0,2.3458548,0.0,1.620291,0.0,2.12567,2.0016458,1.6112515,1.3152496,0.0,2.0173671,1.1133537,0.0,1.3292022,1.4431589,3.8699684,1.5343542,1.3033425,1.3280259,1.4132862,1.6852156,1.9461098,1.7754363,1.8554727,1.7916785,1.7568797,2.1911445,1.8738505,1.0862608,1.338519,1.7071086,0.0,0.0,1.872232,1.7985758,2.2475703,0.0
361,1.5980779,0.6056392,0.0,0.0,2.02847,0.0,1.2091413,0.0,2.4063804,1.9672086,1.6136235,1.2106088,0.0,1.8306559,0.90127206,0.0,1.3255785,1.0590838,3.77731,1.4103688,1.3556054,1.3915163,1.0212133,1.6256915,2.1099875,1.7775367,1.786791,1.6848747,1.7017906,2.2817307,1.9388717,1.3802109,1.0495367,1.8232558,0.0,0.0,1.8050138,1.5376189,2.000988,0.0
362,1.4390385,1.051864,0.0,0.0,1.7865,0.0,0.8947249,0.0,2.7063222,1.9778718,1.5124665,1.2705783,0.0,1.7891401,0.8865163,0.0,1.5426552,0.8574765,3.5967155,1.568469,1.495375,1.5693961,0.7459144,1.6958926,2.2569196,1.8244344,1.8269238,1.7102526,1.6423384,2.4811187,2.0897658,1.7837081,0.9108161,1.9742638,0.0,0.0,1.7960955,1.2651153,1.8236496,0.0
363,1.3822796,1.4225342,0.0,0.0,1.584759,0.0,0.6663849,0.0,2.9338274,1.940477,1.3441677,1.3985791,0.0,1.8118005,1.0019116,0.0,1.8402939,0.859483,3.3256922,1.917633,1.6096505,1.8222138,0.60411733,1.7925309,2.3170004,1.8512462,1.8586992,1.775013,1.6417516,2.6395707,2.1936734,2.1696343,0.89717907,2.1379657,0.0,0.0,1.757511,1.0576825,1.7193137,0.0
364,1.332414,1.6457378,0.0,0.0,1.393814,0.0,0.511065,0.0,3.0522032,1.7599139,1.0762488,1.5053159,0.0,1.8300778,1.1696162,0.0,2.0807915,1.0021983,2.8748403,2.3032272,1.6547784,2.0646875,0.51805764,1.8211654,2.1746612,1.7712895,1.8474098,1.8271013,1.6779797,2.6897342,2.2018816,2.4112096,0.89469796,2.2858396,0.0,0.0,1.6177669,0.81782025,1.6452961,0.0
365,1.3396069,1.7253442,0.0,0.0,1.2424049,0.0,0.48474535,0.0,3.0773811,1.4915819,0.7705932,1.5887061,0.0,1.8613437,1.4199814,0.0,2.1808896,1.3060241,2.363954,2.6524835,1.6228503,2.2836878,0.5205155,1.791739,1.9007777,1.6308149,1.8156755,1.9137126,1.787342,2.5784307,2.1477733,2.5129466,0.9011584,2.4630303,0.0,0.0,1.3993003,0.64072573,1.6308261,0.0
366,1.3202244,1.613647,0.0,0.0,1.1003315,0.0,0.6149663,0.0,2.985112,1.1582104,0.53142494,1.5917306,0.0,1.8175185,1.7006432,0.0,2.0637248,1.6579027,1.7913495,2.8228743,1.5116645,2.4136722,0.62449175,1.6761088,1.4529184,1.3974789,1.6879936,1.9835621,1.9637454,2.2268507,1.9846023,2.433941,0.90891093,2.6302395,0.0,0.0,1.091632,0.6135474,1.6502024,0.0
367,1.2976892,1.3704078,0.0,0.0,0.99729437,0.0,0.9573895,0.0,2.74003,0.8233641,0.47282794,1.4583789,0.0,1.5974379,1.9716883,0.0,1.6890459,1.9420893,1.2663544,2.7096431,1.2944523,2.3159013,0.84517455,1.447903,0.87362957,1.1359035,1.4334842,2.0040712,2.1405566,1.576753,1.7448585,2.13457,0.85609615,2.675466,0.0,0.0,0.6855297,0.7719804,1.6784562,0.0
368,1.3407574,1.177434,0.0,0.0,1.0276413,0.0,1.5314823,0.0,2.394585,0.72074634,0.7239937,1.2973284,0.0,1.2589047,2.2288773,0.0,1.2125393,2.0441508,1.0328842,2.31809,1.0847808,1.9796196,1.2344818,1.212713,0.4431435,1.0204238,1.1402295,2.0058372,2.2763283,0.8569369,1.5161742,1.7846875,0.85702986,2.533919,0.0,0.0,0.39917603,1.1917248,1.7690967,0.0
369,1.3801739,1.0675082,0.0,0.0,1.1164247,0.0,1.9834691,0.0,2.0315905,0.86203593,1.0860122,1.1519734,0.0,0.887719,2.3514223,0.0,0.82940924,1.869124,1.035479,1.8156004,1.0248317,1.5305424,1.6020057,1.0656593,0.23737407,1.0793413,0.89483374,1.9733676,2.1825247,0.33613372,1.3453553,1.5086405,0.8642449,2.2007115,0.0,0.0,0.30306295,1.5956428,1.7807897,0.0
370,1.4491545,1.1611297,0.0,0.0,1.2425718,0.0,2.283128,0.0,1.8447173,1.1194066,1.4266715,1.0486283,0.0,0.64790756,2.4153461,0.0,0.6530162,1.5845904,1.2399138,1.4249244,1.1021606,1.1675106,1.8499689,1.0355773,0.2912706,1.2465813,0.7695243,1.9157866,2.0134754,0.083103135,1.3517783,1.3977656,0.9322093,1.8810666,0.0,0.0,0.35658595,1.9048359,1.7924776,0.0
371,1.4148107,1.3145452,0.0,0.0,1.3466886,0.0,2.4820347,0.0,1.8087959,1.3368249,1.6526464,1.0364592,0.0,0.5969431,2.4377608,0.0,0.7041915,1.3361158,1.4498796,1.2413898,1.2651228,0.9810408,1.9529052,1.125763,0.4437309,1.3179895,0.7596821,1.7954358,1.8699659,0.035569206,1.3945204,1.3339732,1.0556108,1.5241799,0.0,0.0,0.4692882,2.111655,1.8242108,0.0
372,1.425267,1.5188813,0.0,0.0,1.39342,0.0,2.5547774,0.0,1.803236,1.5301268,1.7654618,1.0423002,0.0,0.5657432,2.4665096,0.0,0.80808264,1.1231694,1.57538,1.2016578,1.4685513,0.8688465,2.0215137,1.2192019,0.5702982,1.4098283,0.7484524,1.7397958,1.7113894,0.068829134,1.457909,1.3370745,1.1262908,1.2514738,0.0,0.0,0.6259038,2.1799786,1.7837685,0.0
373,1.4231901,1.7096937,0.0,0.0,1.3789982,0.0,2.6041882,0.0,1.8223737,1.6222563,1.7591249,1.0560573,0.0,0.52797353,2.4937081,0.0,0.88456094,0.9515244,1.6193796,1.1790442,1.6461552,0.79368544,2.0265684,1.2938046,0.6638568,1.4158915,0.72418875,1.6671013,1.5856405,0.09772529,1.5180341,1.3168731,1.1840062,1.0597755,0.0,0.0,0.7254176,2.1348152,1.7280163,0.0
374,1.4640256,1.8904835,0.0,0.0,1.3534977,0.0,2.668465,0.0,1.83607,1.6411824,1.6418425,1.083128,0.0,0.4845437,2.5507429,0.0,0.906208,0.89006305,1.6083024,1.1790012,1.7894536,0.763575,2.0321794,1.3475621,0.7142838,1.3389704,0.72256017,1.6168839,1.5058582,0.10217188,1.5887983,1.2669284,1.256589,0.9738842,0.0,0.0,0.76433325,2.005157,1.6707368,0.0
375,1.5832591,2.1030345,0.0,0.0,1.3740537,0.0,2.8383503,0.0,1.8819823,1.5683162,1.4606651,1.1963718,0.0,0.49765274,2.663897,0.0,0.9211594,0.9683183,1.5771009,1.205781,1.953951,0.8455219,2.0446773,1.378473,0.7743873,1.193576,0.77194923,1.61138,1.5382105,0.123884305,1.6898094,1.2233298,1.45315,1.0299941,0.0,0.0,0.7785728,1.8401769,1.6592848,0.0
376,1.6385458,2.1285431,0.0,0.0,1.4053419,0.0,3.068321,0.0,1.8707317,1.3076985,1.2004699,1.5434341,0.0,0.6876433,2.8756258,0.0,1.0696973,1.2466013,1.412213,1.441771,2.0935903,1.1888059,2.039369,1.4465327,0.75710285,0.8341575,0.95243865,1.4901798,1.6884934,0.30073345,1.650488,1.1750283,1.8483781,1.115144,0.0,0.0,0.7156726,1.6224862,1.6480073,0.0
377,1.7678229,2.0132844,0.0,0.0,1.5747697,0.0,3.410554,0.0,1.7872803,1.0594032,0.97927636,2.116692,0.0,1.065007,3.2147515,0.0,1.4896206,1.7218745,1.3368104,1.9385897,2.0949755,1.8149353,2.131163,1.6598276,0.84105235,0.49890277,1.3279536,1.4951632,2.0036087,0.73862135,1.6139534,1.3146474,2.4686186,1.3822069,0.0,0.0,0.63830596,1.5046885,1.6814646,0.0
378,1.9978065,1.8082762,0.0,0.0,1.9829596,0.0,3.7358155,0.0,1.7069216,0.99260205,1.0863631,2.6991868,0.0,1.6257769,3.5359557,0.0,2.0936809,2.2795465,1.567866,2.513645,1.9998167,2.5228536,2.2878036,1.8698344,1.1199183,0.50281274,1.9107013,1.657529,2.3046968,1.3863065,1.6668136,1.6566007,3.118849,1.764836,0.0,0.0,0.7141621,1.5924065,1.8466619,0.0
379,2.207524,1.562489,0.0,0.0,2.3396707,0.0,3.8737578,0.0,1.569101,1.0832303,1.3321944,3.0783029,0.0,2.039644,3.6841393,0.0,2.6438892,2.6629474,1.836187,3.004919,1.8478633,2.9475787,2.4482133,1.9904273,1.3704846,0.7954191,2.3478951,1.8933648,2.3811996,1.905274,1.6860799,2.0511086,3.4969726,1.9800376,0.0,0.0,0.8342538,1.7355049,1.98811,0.0
380,2.3344252,1.3266976,0.0,0.0,2.5444565,0.0,3.8652325,0.0,1.3585995,1.2448756,1.5493087,3.1779413,0.0,2.2000718,3.6645348,0.0,3.030335,2.7636664,2.002836,3.3035872,1.633747,3.0328841,2.5570889,1.9961247,1.4974401,1.2141162,2.5480738,2.1154828,2.1435258,2.1901796,1.6443933,2.3918722,3.5876014,1.951045,0.0,0.0,0.94250065,1.8261406,2.0252059,0.0
381,2.3655338,1.1087453,0.0,0.0,2.550207,0.0,3.6205444,0.0,1.0746546,1.3902831,1.6585752,2.9977703,0.0,2.1550248,3.4478765,0.0,3.2468402,2.578683,1.9563013,3.3903878,1.3842181,2.8241165,2.5881882,1.8792398,1.4871241,1.622001,2.4781065,2.2926188,1.6569856,2.262019,1.5363487,2.5895643,3.3847067,1.655897,0.0,0.0,1.0478004,1.7858105,1.9446594,0.0
382,2.3093312,0.95184624,0.0,0.0,2.3628983,0.0,3.1624603,0.0,0.8387579,1.4984998,1.635413,2.6569834,0.0,1.970807,3.1271396,0.0,3.2946928,2.2201056,1.7624809,3.3151088,1.1629287,2.3839123,2.5453568,1.69253,1.3876771,1.9403924,2.1976948,2.3979242,1.0640104,2.162721,1.4059658,2.6249104,2.9517987,1.2222927,0.0,0.0,1.2011104,1.6951928,1.7499303,0.0
383,2.27158,0.9460312,0.0,0.0,2.1064134,0.0,2.6571424,0.0,0.75569594,1.5795441,1.5535535,2.3367374,0.0,1.8136544,2.8850746,0.0,3.3127325,1.9153631,1.5311095,3.2025855,1.0606457,1.9593582,2.500456,1.5542185,1.3084747,2.1122026,1.9073371,2.4758406,0.63528126,2.0435312,1.3860666,2.571395,2.5054576,0.8704593,0.0,0.0,1.4027481,1.6209357,1.5730072,0.0
384,2.259119,1.0089681,0.0,0.0,1.8616135,0.0,2.2073293,0.0,0.7949081,1.5856059,1.4176986,2.127658,0.0,1.7682407,2.7541528,0.0,3.3311603,1.7940019,1.287613,3.041427,1.040835,1.6950964,2.4865263,1.466531,1.2398764,2.103336,1.7181392,2.495524,0.4240523,1.994291,1.439964,2.4417171,2.1782959,0.67596984,0.0,0.0,1.6089829,1.5681363,1.4767867,0.0
385,2.274796,1.0469581,0.0,0.0,1.6455765,0.0,1.7749176,0.0,0.8714394,1.4656419,1.2799327,2.0330546,0.0,1.8408899,2.6884465,0.0,3.3766036,1.8675113,1.0894397,2.8857758,1.0347635,1.5609996,2.5030818,1.4518809,1.1808,1.8615285,1.5624173,2.4841962,0.429668,1.9445521,1.4740294,2.2196422,1.9882306,0.593099,0.0,0.0,1.7523882,1.5912204,1.4447054,0.0
386,2.2621405,1.0449095,0.0,0.0,1.4715459,0.0,1.4162952,0.0,0.98841923,1.2344072,1.161215,2.0511856,0.0,2.0060618,2.6376204,0.0,3.3891513,2.0712788,0.9367977,2.658501,0.9747161,1.5840255,2.5415552,1.4353676,1.134082,1.3863609,1.5007578,2.4344077,0.6530975,1.9177341,1.520568,1.9426639,1.8913108,0.63570076,0.0,0.0,1.8546317,1.6539888,1.447695,0.0
387,2.1913974,1.0159377,0.0,0.0,1.3280108,0.0,1.065382,0.0,1.140078,0.93202776,1.0827235,2.1368175,0.0,2.2370715,2.5515282,0.0,3.3681855,2.4002736,0.9390717,2.3125362,0.9183207,1.7178391,2.4989672,1.4687449,1.0991206,0.73690367,1.5161674,2.3080206,1.0899731,1.8484567,1.5399021,1.6348851,1.941479,0.8416436,0.0,0.0,1.8607566,1.7821703,1.490501,0.0
388,2.0742114,1.0317355,0.0,0.0,1.3487349,0.0,0.93610466,0.0,1.366572,0.7179557,1.1321689,2.2808344,0.0,2.464979,2.450689,0.0,3.2646837,2.7189043,1.2356707,1.9711995,0.9335862,1.9494008,2.4286687,1.5689776,1.1443287,0.13988677,1.6883304,2.1581314,1.6556141,1.7937005,1.6314973,1.4746933,2.10951,1.194626,0.0,0.0,1.8085037,1.9479241,1.5649277,0.0
389,1.9571967,1.1784174,0.0,0.0,1.590004,0.0,0.9912863,0.0,1.6472615,0.7129163,1.376132,2.4030478,0.0,2.6753447,2.2969391,0.0,3.2085261,2.9448526,1.8330265,1.7072055,0.9952397,2.249852,2.365664,1.7530726,1.3571473,0.0,1.9738067,2.0673857,2.2249122,1.7917544,1.7923278,1.5109985,2.404626,1.6264452,0.0,0.0,1.7481749,2.1406353,1.7025886,0.0
390,1.7628698,1.3594371,0.0,0.0,1.8620315,0.0,1.0302556,0.0,1.8605884,0.8549165,1.620669,2.3735716,0.0,2.73677,2.0016541,0.0,3.109316,2.9848807,2.4732854,1.480618,1.0835444,2.4142487,2.2445958,1.8560936,1.5250756,0.0,2.1924045,1.9303321,2.5761437,1.7758433,1.9221188,1.6407712,2.6262238,1.9144074,0.0,0.0,1.6719322,2.1962795,1.7783333,0.0
391,1.5178403,1.5645907,0.0,0.0,2.080326,0.0,1.0233843,0.0,2.0302892,1.1039233,1.7909284,2.1740484,0.0,2.6940458,1.5569812,0.0,2.9777796,2.7465436,3.0612683,1.2733727,1.186659,2.4174345,2.0465875,1.8780376,1.6335372,0.027548335,2.276166,1.7978805,2.6769643,1.720905,2.0079565,1.8531225,2.7258232,2.0435383,0.0,0.0,1.5962045,2.080758,1.7470529,0.0
392,1.2884806,1.9021344,0.0,0.0,2.2167253,0.0,1.0014521,0.0,2.1560955,1.4957124,1.8462046,1.8369563,0.0,2.486366,1.070472,0.0,2.8361502,2.2848413,3.584506,1.2100828,1.4501196,2.2211096,1.8607514,1.8389084,1.7354727,0.5354272,2.2758663,1.7700272,2.5751112,1.699514,2.0894036,2.1327987,2.7039082,2.0163662,0.0,0.0,1.5770366,1.783936,1.6532732,0.0
393,1.0804499,2.1391757,0.0,0.0,2.150354,0.0,0.91584194,0.0,2.1372333,1.8465037,1.6174864,1.3676325,0.0,2.1142893,0.6209467,0.0,2.5501268,1.6086192,3.689328,1.240519,1.7274474,1.7604421,1.6178446,1.6411911,1.6601118,1.1780931,2.0556111,1.7117193,2.2149508,1.6835222,2.0418296,2.25936,2.3926966,1.7880803,0.0,0.0,1.5612684,1.3162771,1.4472829,0.0
394,1.0483042,2.2949262,0.0,0.0,2.0162225,0.0,0.8863784,0.0,2.0934973,2.0882387,1.2915853,1.0202525,0.0,1.8363885,0.47297806,0.0,2.2804773,1.0646468,3.529293,1.4050705,1.9785292,1.3348347,1.4547486,1.4285164,1.572331,1.7560956,1.8489503,1.7477746,1.8905343,1.7869085,2.0055707,2.2567818,2.0402548,1.6103733,0.0,0.0,1.6075429,0.914554,1.2577564,0.0
395,1.1228843,2.3592525,0.0,0.0,1.9114131,0.0,0.8816517,0.0,2.1198292,2.219349,1.022256,0.87487316,0.0,1.7458674,0.57106465,0.0,2.1242187,0.7875552,3.32993,1.6256442,2.2190943,1.0728709,1.3866525,1.2944899,1.5066513,2.162481,1.7614632,1.7969159,1.7725363,1.9682776,2.0272865,2.1789026,1.7683371,1.5651613,0.0,0.0,1.7371004,0.6938337,1.1801202,0.0
396,1.2155087,2.3362863,0.0,0.0,1.8261217,0.0,0.80613893,0.0,2.1912704,2.2121542,0.77628905,0.78923357,0.0,1.796433,0.69062614,0.0,1.9640725,0.6665199,3.1318765,1.7398822,2.3827884,0.8976533,1.3114052,1.1751167,1.456516,2.3298829,1.7746608,1.8224632,1.8276802,2.161099,2.0270157,2.0042112,1.5329002,1.6019737,0.0,0.0,1.8540282,0.62297255,1.1465297,0.0
397,1.3032429,2.233157,0.0,0.0,1.755716,0.0,0.684314,0.0,2.3236954,2.0687616,0.58632773,0.7503964,0.0,1.954704,0.7848948,0.0,1.791875,0.67249894,2.9765456,1.7221962,2.515664,0.7824411,1.1950603,1.1055291,1.4480164,2.3212886,1.8866308,1.796039,2.0434024,2.3689306,2.0040967,1.7180803,1.3038558,1.7232132,0.0,0.0,1.9107385,0.70283234,1.16739,0.0
398,1.355485,2.0272174,0.0,0.0,1.7280874,0.0,0.550021,0.0,2.4248998,1.8347046,0.4921299,0.77830327,0.0,2.175993,0.9158538,0.0,1.6538973,0.75272965,2.8487306,1.60511,2.567262,0.7796641,1.0036094,1.0786746,1.432907,2.187925,2.077897,1.6721898,2.3275003,2.557387,1.9666071,1.3780978,1.1684859,1.911246,0.0,0.0,1.91748,0.9221496,1.2064279,0.0
399,1.3632224,1.7594248,0.0,0.0,1.7774463,0.0,0.5106889,0.0,2.4348087,1.5410967,0.5910056,0.9007753,0.0,2.3763778,1.1179767,0.0,1.5761707,0.9148737,2.7155156,1.4057811,2.5129232,0.877338,0.8008336,1.1122638,1.4221057,1.952963,2.3142362,1.4893998,2.6146574,2.6601293,1.8888723,1.0773923,1.1250057,2.1023164,0.0,0.0,1.8376307,1.2975338,1.2845807,0.0
400,1.3222468,1.5316485,0.0,0.0,1.8849232,0.0,0.5694181,0.0,2.3022003,1.2741153,0.8267309,1.0746971,0.0,2.4460862,1.3133725,0.0,1.5569941,1.0723603,2.5830724,1.1991291,2.3744771,1.0236807,0.6483097,1.1821957,1.4309193,1.7250134,2.5250053,1.2978823,2.7826288,2.6382077,1.8025128,0.9199451,1.1516976,2.233355,0.0,0.0,1.6716325,1.6845628,1.3336433,0.0
401,1.3201153,1.4257247,0.0,0.0,2.0331655,0.0,0.76339006,0.0,2.1483862,1.1478336,1.1628178,1.3004626,0.0,2.4662306,1.5501939,0.0,1.6558981,1.2044373,2.5253885,1.0838567,2.2688286,1.2073847,0.57402664,1.2960536,1.483995,1.6473552,2.7137094,1.178698,2.8680058,2.5794294,1.8167855,0.95682245,1.2572492,2.3632462,0.0,0.0,1.5377685,2.0787466,1.3951088,0.0
402,1.2956839,1.4326441,0.0,0.0,2.1648893,0.0,0.99002695,0.0,1.9346495,1.1179304,1.503708,1.5025644,0.0,2.397155,1.7267189,0.0,1.7827461,1.2405605,2.4407384,1.0041801,2.2195086,1.3279883,0.52711743,1.3945678,1.5260497,1.6631442,2.8359756,1.0847669,2.8776433,2.4695792,1.8712175,1.0717025,1.3674754,2.4284036,0.0,0.0,1.4108119,2.4036841,1.4045135,0.0
403,1.2626114,1.531901,0.0,0.0,2.2547808,0.0,1.2494063,0.0,1.686883,1.1707635,1.7997395,1.695335,0.0,2.2634485,1.8469831,0.0,1.909771,1.2139934,2.3341477,0.9569514,2.2275848,1.3846979,0.5260494,1.4733688,1.5792929,1.7552559,2.9053109,1.0321705,2.8560345,2.343831,1.965992,1.2230506,1.4457008,2.4401016,0.0,0.0,1.3098333,2.6563578,1.3716317,0.0
404,1.2529304,1.7000363,0.0,0.0,2.2742376,0.0,1.5858616,0.0,1.386325,1.2959943,2.06585,1.8787252,0.0,2.0654285,1.9447151,0.0,2.0429335,1.1311944,2.1818907,0.9628247,2.2769227,1.3937143,0.5996106,1.524399,1.6676033,1.9045177,2.9265683,1.0479147,2.8299692,2.195656,2.120457,1.3897269,1.483769,2.408574,0.0,0.0,1.2540151,2.8773603,1.2869383,0.0
405,1.2643739,1.9435924,0.0,0.0,2.173562,0.0,1.9132763,0.0,1.0876775,1.4710367,2.25224,2.0661924,0.0,1.7836494,1.9635258,0.0,2.0970871,1.0256094,1.9737393,1.0101179,2.3442373,1.3373312,0.7250677,1.504936,1.7885685,1.9875072,2.834567,1.0807247,2.7939184,2.0318532,2.3059666,1.5255361,1.5013542,2.28375,0.0,0.0,1.2105565,3.0253162,1.181769,0.0
406,1.2655602,2.1429298,0.0,0.0,1.9408884,0.0,2.2113023,0.0,0.8256425,1.6293893,2.3510423,2.211624,0.0,1.4098473,1.9155843,0.0,2.055015,0.9086228,1.7340883,1.0999988,2.3594441,1.2530788,0.93033683,1.4152194,1.9617192,1.9594104,2.6306884,1.1340456,2.7575498,1.831215,2.4818103,1.5515754,1.4484998,2.0881336,0.0,0.0,1.1877167,3.0647986,1.0501295,0.0
407,1.334249,2.2790577,0.0,0.0,1.6356268,0.0,2.4488258,0.0,0.6793591,1.7601162,2.389022,2.3650246,0.0,1.0731122,1.8566403,0.0,1.9488,0.8490614,1.5835698,1.251622,2.3377192,1.2131182,1.1998463,1.3296448,2.2171566,1.8069595,2.3817844,1.2590635,2.7600224,1.6695511,2.6294112,1.5261841,1.4263904,1.8798373,0.0,0.0,1.1844586,3.0628285,0.96321625,0.0
408,1.4381062,2.296427,0.0,0.0,1.3223534,0.0,2.5539382,0.0,0.6652404,1.8260968,2.392381,2.4875665,0.0,0.8395291,1.771309,0.0,1.7890512,0.8452033,1.5102497,1.4002867,2.2430654,1.2388339,1.4286435,1.2718557,2.5220597,1.5137482,2.135784,1.3586894,2.7581544,1.5826875,2.7099073,1.4200423,1.4552144,1.7104415,0.0,0.0,1.1664515,2.9943242,0.9238862,0.0
409,1.5553418,2.2003148,0.0,0.0,1.0540321,0.0,2.540495,0.0,0.7763494,1.8387407,2.4062698,2.5984943,0.0,0.7299803,1.703852,0.0,1.634495,0.9026315,1.5205545,1.5693102,2.1293893,1.3514286,1.5891745,1.2690532,2.836286,1.2009406,1.9749551,1.4229643,2.754836,1.5935563,2.7383518,1.3080692,1.5339881,1.5999044,0.0,0.0,1.1388578,2.913373,0.9934034,0.0
410,1.6095908,1.9850212,0.0,0.0,0.8076322,0.0,2.4201493,0.0,0.92086375,1.7147156,2.3761036,2.6653183,0.0,0.66107863,1.6026042,0.0,1.4854188,0.9367675,1.56612,1.7243128,1.9067775,1.5184878,1.6462271,1.2550232,3.134987,0.89560556,1.8231219,1.426728,2.7211926,1.6243598,2.6626687,1.1750169,1.6146343,1.4980679,0.0,0.0,1.0670975,2.7918472,1.0300093,0.0
411,1.5827979,1.624001,0.0,0.0,0.6036839,0.0,2.2030134,0.0,1.0569861,1.4510071,2.2695348,2.679174,0.0,0.61224097,1.5039653,0.0,1.3358856,0.90790194,1.5379424,1.8393918,1.5833513,1.7265755,1.5547965,1.2323419,3.332752,0.66287386,1.663931,1.3940624,2.5721107,1.6642438,2.4470644,1.046215,1.6710314,1.3876133,0.0,0.0,0.9556302,2.5772393,1.0372876,0.0
412,1.6207167,1.3033977,0.0,0.0,0.6204952,0.0,2.0338893,0.0,1.25571,1.2104168,2.1718032,2.7551575,0.0,0.7125553,1.6285843,0.0,1.3620056,0.9320375,1.523975,2.0702116,1.2943058,2.070814,1.4291039,1.3123214,3.4802475,0.69183326,1.6315238,1.4458529,2.394796,1.8376616,2.2442946,1.1480839,1.8375833,1.4020426,0.0,0.0,0.93295705,2.3650782,1.1151539,0.0
413,1.6427373,0.99158484,0.0,0.0,0.83192027,0.0,1.8187228,0.0,1.4346222,1.0623002,2.0257928,2.8073902,0.0,0.85246986,1.9335616,0.0,1.4777764,1.0068511,1.3411642,2.300814,1.0489745,2.3370473,1.200968,1.4776793,3.3353903,0.8690549,1.644115,1.4964231,2.0618968,2.0616362,1.9140925,1.4001446,2.0873168,1.4571825,0.0,0.0,0.91990733,2.0459542,1.2663575,0.0
414,1.6754408,0.82165843,0.0,0.0,1.1778309,0.0,1.7014916,0.0,1.5826167,1.0060023,1.7939225,2.814708,0.0,1.0043608,2.3758824,0.0,1.6876276,1.0755229,1.052828,2.5293677,0.89775413,2.5056605,1.0022533,1.7010744,2.942238,1.2471339,1.6738914,1.6382012,1.6745304,2.2694378,1.5531057,1.8066175,2.276929,1.5013729,0.0,0.0,0.95559424,1.6886957,1.4237444,0.0
415,1.7426103,0.8842802,0.0,0.0,1.610748,0.0,1.752582,0.0,1.6654861,1.1459789,1.5698457,2.8274055,0.0,1.1754483,2.9196072,0.0,1.9791667,1.2408421,0.8163856,2.7186599,0.8938738,2.55244,0.9988998,1.9445157,2.443301,1.6704419,1.7079864,1.8738235,1.3386261,2.4175315,1.3644608,2.301043,2.4444056,1.5790884,0.0,0.0,1.0867587,1.4013207,1.5896723,0.0
416,1.817534,1.1376853,0.0,0.0,1.9787598,0.0,1.936365,0.0,1.6739542,1.3673608,1.4340233,2.8315148,0.0,1.2831203,3.3503914,0.0,2.2496035,1.3871127,0.67653203,2.8070152,0.9860439,2.4678547,1.1302197,2.137721,2.0210557,1.9667479,1.6789216,2.1294353,1.1077459,2.4373062,1.2905158,2.7038164,2.492272,1.5991646,0.0,0.0,1.2513553,1.2586828,1.7002238,0.0
417,1.8341177,1.4567776,0.0,0.0,2.202158,0.0,2.1317792,0.0,1.5560315,1.5720738,1.3721417,2.7848997,0.0,1.2843461,3.5594778,0.0,2.4042604,1.4275762,0.6004356,2.7467527,1.0163893,2.257852,1.3072064,2.236917,1.7414516,2.0135536,1.561552,2.2977624,0.9031079,2.2978122,1.2492566,2.9236927,2.4169018,1.5258254,0.0,0.0,1.3378623,1.189865,1.6822668,0.0
418,1.8628953,1.8440634,0.0,0.0,2.3021755,0.0,2.3477418,0.0,1.3860297,1.7410146,1.4247392,2.7636466,0.0,1.2363157,3.586266,0.0,2.5519347,1.3964193,0.71377826,2.6220982,0.99099743,2.0865068,1.5653849,2.304474,1.7187616,1.8977705,1.4370247,2.4216738,0.75460815,2.0803611,1.306,3.0320766,2.28045,1.38581,0.0,0.0,1.4010768,1.2219288,1.5777093,0.0
419,1.893775,2.2551057,0.0,0.0,2.3322582,0.0,2.4957266,0.0,1.2131422,1.8725399,1.6016092,2.7699938,0.0,1.2048265,3.4330802,0.0,2.7192016,1.3105377,1.0524572,2.494015,0.95172507,1.9619856,1.820288,2.3878784,1.9349357,1.6448017,1.363538,2.4888809,0.65412337,1.836478,1.4340926,3.0398884,2.1511285,1.2191019,0.0,0.0,1.4409838,1.2905524,1.4327521,0.0
420,1.924523,2.604026,0.0,0.0,2.2874143,0.0,2.4816546,0.0,1.02687,1.9326191,1.838721,2.7039528,0.0,1.242218,3.1078825,0.0,2.9382854,1.21773,1.5210344,2.4184117,0.89774144,1.9066706,2.0385168,2.451085,2.2401772,1.3339726,1.3441978,2.451676,0.57147455,1.6290634,1.6067562,2.9454503,2.05246,1.0207891,0.0,0.0,1.4646057,1.3824916,1.2521108,0.0
421,1.9175731,2.7671993,0.0,0.0,2.175803,0.0,2.329459,0.0,0.8535541,1.8950152,2.0143042,2.58616,0.0,1.3223989,2.7206893,0.0,3.1236777,1.1097255,1.9284774,2.3864465,0.8751893,1.8956856,2.1324897,2.4617903,2.4640217,1.0737522,1.3629506,2.3229759,0.51688886,1.4906763,1.7503545,2.7888725,1.9836193,0.8667978,0.0,0.0,1.4705248,1.4108896,1.0651144,0.0
422,1.9098737,2.7434165,0.0,0.0,2.0470002,0.0,2.0819883,0.0,0.6942636,1.8030909,2.09139,2.463722,0.0,1.4195335,2.4084163,0.0,3.2692008,1.0594273,2.1672387,2.421551,0.87635785,1.8973573,2.1333334,2.4637203,2.5309541,0.92648125,1.3883379,2.1501467,0.46812463,1.4191278,1.8147094,2.6420274,1.9654436,0.7734674,0.0,0.0,1.465004,1.3669674,0.9326595,0.0
423,1.9339948,2.6388683,0.0,0.0,1.93923,0.0,1.8584741,0.0,0.5852926,1.7092321,2.0858111,2.3814173,0.0,1.5311805,2.240641,0.0,3.4017453,1.0725039,2.224093,2.5160701,0.91452426,1.9192518,2.1045663,2.487812,2.4830744,0.90089864,1.4155293,2.0198667,0.4395903,1.4233669,1.820527,2.5726514,2.0215023,0.7253909,0.0,0.0,1.4808393,1.2964494,0.8984266,0.0
424,1.985837,2.4724,0.0,0.0,1.8314192,0.0,1.655629,0.0,0.49588978,1.6239803,2.0063665,2.3255513,0.0,1.6234775,2.1879475,0.0,3.4892528,1.143677,2.1244574,2.6412013,0.9649252,1.9188727,2.0747025,2.5345795,2.3229558,0.94191253,1.4197388,1.9281787,0.41070598,1.4567076,1.7656522,2.5658417,2.1091938,0.70357877,0.0,0.0,1.5089076,1.2028241,0.9330124,0.0
425,2.0383477,2.219886,0.0,0.0,1.6889803,0.0,1.4395541,0.0,0.4188819,1.5333776,1.839552,2.2409205,0.0,1.6760515,2.2183895,0.0,3.495291,1.2509849,1.8607548,2.765275,1.0188234,1.8610171,2.037449,2.5930855,2.0396023,1.016232,1.3537713,1.8483022,0.35778493,1.4799542,1.6239629,2.582634,2.1912906,0.67683023,0.0,0.0,1.502995,1.0853561,1.0145656,0.0
426,2.158383,1.9183336,0.0,0.0,1.5414848,0.0,1.2415268,0.0,0.39663267,1.4772731,1.619155,2.1603527,0.0,1.6911896,2.363031,0.0,3.3810925,1.4598455,1.5019234,2.9155598,1.1083955,1.7443882,2.0498452,2.6622307,1.6465157,1.1528243,1.2315705,1.7976767,0.3525606,1.5253867,1.4491439,2.6419091,2.2697427,0.6930176,0.0,0.0,1.5052094,0.9880724,1.2067872,0.0
427,2.3387363,1.5339079,0.0,0.0,1.3838167,0.0,1.0519172,0.0,0.5282868,1.4629843,1.3298105,2.0206556,0.0,1.6559844,2.6103525,0.0,2.9940739,1.7782216,1.0845145,3.0467188,1.2434928,1.5093408,2.0880463,2.7092412,1.1630654,1.3529042,1.0422453,1.7597111,0.4299271,1.5748504,1.2194763,2.7161598,2.2986329,0.7940197,0.0,0.0,1.4961617,0.9520797,1.5206032,0.0
428,2.5380561,1.1804729,0.0,0.0,1.3032061,0.0,1.0295784,0.0,1.0132011,1.5369743,1.1429087,1.8571709,0.0,1.5349319,2.9982831,0.0,2.3218086,2.1631112,0.8315167,3.1316895,1.5031635,1.2615514,2.2154307,2.6727467,0.7401141,1.6425165,0.8685371,1.7715157,0.7725717,1.673951,1.0786985,2.8125741,2.2509592,1.1612326,0.0,0.0,1.4690988,1.1117022,1.9757166,0.0
429,2.6541135,1.0411382,0.0,0.0,1.3361609,0.0,1.1976904,0.0,1.7977686,1.7052311,1.1964556,1.6808909,0.0,1.3827882,3.2794812,0.0,1.5102732,2.4284723,0.9841324,3.0254264,1.7984091,1.1238284,2.2885714,2.4415994,0.6187398,1.9190749,0.8522675,1.7812865,1.3215959,1.7987545,1.1141192,2.8206275,2.0485182,1.6307496,0.0,0.0,1.4149424,1.4914159,2.3526459,0.0
430,2.5287235,1.056639,0.0,0.0,1.3726187,0.0,1.353277,0.0,2.356794,1.7427293,1.339761,1.469216,0.0,1.1594272,3.2299016,0.0,0.8462343,2.3561969,1.3176516,2.7051713,1.8866144,1.0610061,2.162812,2.063357,0.7561601,1.9818394,0.83794725,1.6487693,1.6703148,1.7556506,1.1826813,2.6801226,1.6991315,1.9017395,0.0,0.0,1.2369187,1.73739,2.3927739,0.0
431,2.3883002,1.2155137,0.0,0.0,1.4242823,0.0,1.4907928,0.0,2.6725962,1.7407191,1.4940844,1.3423966,0.0,0.99922794,3.0654078,0.0,0.49933228,2.1638014,1.6744658,2.4571497,1.8913342,1.1177294,2.0113354,1.7606269,1.0036056,1.9692149,0.82489514,1.5016359,1.7820287,1.6893371,1.2755891,2.5614557,1.4455174,1.9955962,0.0,0.0,1.0834519,1.831366,2.2767522,0.0
432,2.2572863,1.3690164,0.0,0.0,1.4474072,0.0,1.5312681,0.0,2.7997031,1.7090516,1.6907499,1.2249991,0.0,0.86208755,2.9004588,0.0,0.36209914,1.8907813,1.9825155,2.3272512,1.8724219,1.2251083,1.8314219,1.5372862,1.224444,1.9240879,0.73116225,1.3380347,1.711349,1.5425996,1.3531331,2.4796598,1.1996411,1.9714897,0.0,0.0,0.91906935,1.7925943,2.0292344,0.0
433,2.1617925,1.5806699,0.0,0.0,1.4539139,0.0,1.5567906,0.0,2.758006,1.7024784,1.8538712,1.1814419,0.0,0.75321394,2.7868695,0.0,0.35868764,1.6589704,2.2437406,2.3254416,1.834989,1.3853048,1.7053018,1.361953,1.4389703,1.8678888,0.64030385,1.1474106,1.5072266,1.3858513,1.4395969,2.4775786,1.0214539,1.8777643,0.0,0.0,0.82610154,1.635932,1.737275,0.0
434,2.0959127,1.8246219,0.0,0.0,1.4350584,0.0,1.5593755,0.0,2.5301068,1.7078736,1.9688592,1.1525576,0.0,0.6934074,2.7005775,0.0,0.5068623,1.4276567,2.4181287,2.4647293,1.7793578,1.5773145,1.6145442,1.2436857,1.6192311,1.8357297,0.5243536,0.95883316,1.1767498,1.2318057,1.5436326,2.5316226,0.9189206,1.6834,0.0,0.0,0.78921807,1.3513458,1.3799983,0.0
435,2.1597354,2.1438406,0.0,0.0,1.4797947,0.0,1.7008616,0.0,2.0995157,1.897867,2.038012,1.2999411,0.0,0.7959614,2.74616,0.0,1.0045962,1.3182461,2.581392,2.9040804,1.8212279,1.8449109,1.6746597,1.2915127,1.8060333,1.9469808,0.5282567,0.89418024,0.85793227,1.2239062,1.7925934,2.6990662,1.0748668,1.4785448,0.0,0.0,0.95720315,1.029632,1.0789701,0.0
436,2.1527941,2.342471,0.0,0.0,1.4986997,0.0,1.8787261,0.0,1.379917,2.1296587,1.8863581,1.4555731,0.0,0.98817563,2.7467966,0.0,1.7021453,1.2699833,2.5297575,3.365495,1.8356944,1.9112917,1.7830203,1.3743205,1.8604816,2.0809495,0.6949493,0.999641,0.5932535,1.2589287,2.0353684,2.692008,1.4605592,1.0990705,0.0,0.0,1.2570807,0.74402624,0.8696527,0.0
437,2.0504897,2.219962,0.0,0.0,1.441274,0.0,2.0421534,0.0,0.6980734,2.3140638,1.5199791,1.5803404,0.0,1.2172701,2.5958972,0.0,2.266843,1.29587,2.2572532,3.565543,1.8322662,1.6941926,1.8893707,1.485909,1.7407112,2.1687899,0.9654078,1.2836264,0.54834867,1.3998531,2.1411386,2.379621,1.9255038,0.7197843,0.0,0.0,1.5737258,0.7027395,0.9660127,0.0
438,1.9519261,1.9957452,0.0,0.0,1.480321,0.0,2.2609231,0.0,0.401856,2.5504212,1.2316331,1.6978039,0.0,1.4192172,2.4768455,0.0,2.6074905,1.4019125,2.0918555,3.5892599,1.9235039,1.3911995,2.0259976,1.6470925,1.650315,2.2992804,1.3702033,1.681864,0.814489,1.6936781,2.206324,2.0242257,2.3694646,0.5902145,0.0,0.0,1.8259835,0.985707,1.386016,0.0
439,1.8472697,1.7851703,0.0,0.0,1.597693,0.0,2.509102,0.0,0.46104923,2.8234377,1.0693858,1.7615066,0.0,1.5110726,2.354436,0.0,2.723554,1.4974151,2.101367,3.511944,2.0825784,1.0560502,2.146987,1.8070067,1.6329217,2.435625,1.7581023,2.0505888,1.2230892,2.037374,2.2035713,1.6730082,2.7125747,0.6163022,0.0,0.0,1.9542556,1.4427422,1.9220357,0.0
440,1.6621429,1.6175927,0.0,0.0,1.6883245,0.0,2.6955657,0.0,0.7694852,3.0461504,1.04691,1.7352308,0.0,1.4920518,2.178244,0.0,2.6240637,1.4987707,2.235302,3.2780044,2.2679005,0.74054813,2.1604867,1.8802862,1.6850072,2.5173059,2.1285596,2.3027146,1.6502988,2.3578055,2.1464329,1.327851,2.8992705,0.75440824,0.0,0.0,1.9387021,1.9352341,2.452428,0.0
441,1.2810309,1.3963192,0.0,0.0,1.7049406,0.0,2.6607022,0.0,1.1642092,3.0316675,0.98274,1.5571947,0.0,1.2980833,1.8140827,0.0,2.285997,1.3179274,2.3334846,2.7878363,2.2785146,0.39972392,1.9206252,1.792068,1.6545324,2.3790069,2.3141892,2.2766728,1.9034853,2.5171666,1.9046172,0.8962024,2.7394228,0.8553643,0.0,0.0,1.6572711,2.2722297,2.7633436,0.0
442,0.8999416,1.2359799,0.0,0.0,1.6864375,0.0,2.4886312,0.0,1.6386353,2.7931585,0.99651545,1.3801242,0.0,1.0804651,1.4472554,0.0,1.9280658,1.0374117,2.4630976,2.1374433,2.1863818,0.22610037,1.5023093,1.6068705,1.6423513,2.1493204,2.4100912,2.030445,2.0511699,2.5876184,1.6653372,0.56721085,2.3965485,1.0890845,0.0,0.0,1.2473924,2.3958657,2.8584914,0.0
443,0.775648,1.3459052,0.0,0.0,1.8399906,0.0,2.4010735,0.0,2.2246976,2.57627,1.19885,1.4077581,0.0,1.0890951,1.4060489,0.0,1.8942717,0.9225672,2.7834892,1.7687773,2.185824,0.4321479,1.2583487,1.6030266,1.7794167,2.0056665,2.5711172,1.904028,2.2247736,2.725999,1.6794404,0.61983603,2.1692557,1.5063728,0.0,0.0,0.9528972,2.470818,2.849755,0.0
444,0.65196943,1.4795074,0.0,0.0,1.8986785,0.0,2.1760502,0.0,2.6382747,2.1911304,1.3242675,1.4024105,0.0,1.1883159,1.3957821,0.0,1.9060622,0.856211,2.9573212,1.3735331,2.0677028,0.7439228,0.9855825,1.531731,1.7884312,1.7606515,2.5730042,1.6814555,2.2322628,2.7564833,1.6801388,0.7714808,1.8797671,1.8762187,0.0,0.0,0.68995166,2.2873056,2.587123,0.0
445,0.5886786,1.5535109,0.0,0.0,1.8513478,0.0,1.892263,0.0,2.8371768,1.7008667,1.3308731,1.3529836,0.0,1.3568081,1.4163697,0.0,1.9620895,0.8806598,2.9498084,1.0218934,1.8433071,1.0805814,0.79683894,1.4682579,1.707028,1.480543,2.436798,1.4889165,2.10601,2.6724634,1.7089382,0.95537096,1.582826,2.1697822,0.0,0.0,0.53656226,1.9089179,2.1687083,0.0
446,0.6548954,1.5773937,0.0,0.0,1.7441705,0.0,1.6302317,0.0,2.9102936,1.2776351,1.2353036,1.2751374,0.0,1.5764406,1.5002784,0.0,2.0258133,1.0589434,2.8461819,0.80022424,1.5884956,1.4067596,0.7939401,1.4650731,1.5626417,1.2721345,2.246974,1.4474435,1.938767,2.5355842,1.7889119,1.1360135,1.3750604,2.3928347,0.0,0.0,0.5628197,1.4459031,1.7458206,0.0
447,0.9147135,1.6064835,0.0,0.0,1.6663377,0.0,1.4601973,0.0,2.945717,0.95116353,1.0371166,1.1687597,0.0,1.8674188,1.6828128,0.0,2.0777981,1.4072137,2.723529,0.77336323,1.3728918,1.6542276,1.1007755,1.5395795,1.4523692,1.2305475,1.9905425,1.5590106,1.8439475,2.3804677,2.0060422,1.3798535,1.2955862,2.5875723,0.0,0.0,0.84887654,1.0059738,1.4452524,0.0
448,1.3230138,1.5675765,0.0,0.0,1.6047702,0.0,1.453312,0.0,2.9130096,0.8010428,0.7907829,0.9559392,0.0,2.0787668,1.8854407,0.0,1.9494213,1.806529,2.5733497,0.9530631,1.2131459,1.7502185,1.6176775,1.6286848,1.3651102,1.3675421,1.6569711,1.838252,1.7991757,2.1860468,2.22006,1.5567749,1.2834878,2.658269,0.0,0.0,1.2879453,0.70968246,1.333676,0.0
449,1.656297,1.4046254,0.0,0.0,1.531165,0.0,1.4873047,0.0,2.7724283,0.78202844,0.5643881,0.636993,0.0,2.027692,1.9063103,0.0,1.5843558,1.9877481,2.3663306,1.1777456,1.0627159,1.6060728,2.074577,1.6027694,1.2740564,1.5503033,1.2470123,2.0674222,1.7231578,1.8649125,2.2362084,1.545146,1.2459438,2.5133157,0.0,0.0,1.6921111,0.6226747,1.3412412,0.0
450,1.9143412,1.3759992,0.0,0.0,1.5863165,0.0,1.6343647,0.0,2.6861134,0.9581061,0.5459522,0.4402274,0.0,1.867306,1.9492291,0.0,1.2491689,2.027258,2.3258846,1.5018328,1.0553131,1.5031178,2.434486,1.5604603,1.3455445,1.8136238,1.0429995,2.2962725,1.7178153,1.6427555,2.193436,1.5287845,1.2951607,2.3135505,0.0,0.0,2.0412686,0.8236636,1.530175,0.0
451,2.049741,1.351882,0.0,0.0,1.7093616,0.0,1.8264984,0.0,2.6268501,1.1449304,0.6800187,0.3059182,0.0,1.6512339,1.9396499,0.0,1.0214211,1.9157641,2.3373475,1.793745,1.1046184,1.4319721,2.588644,1.4702709,1.410783,2.023327,0.9371746,2.3828268,1.7390648,1.4534411,2.0890222,1.4848101,1.3177073,2.1115139,0.0,0.0,2.1454918,1.0712609,1.73257,0.0
452,2.146012,1.4133326,0.0,0.0,1.871757,0.0,2.0217252,0.0,2.6310236,1.3326943,0.92051435,0.29740766,0.0,1.4850186,1.9925431,0.0,0.9362574,1.7754483,2.4185266,2.0703604,1.2109821,1.4691552,2.6353252,1.3935716,1.5027608,2.2136903,0.958901,2.4170535,1.7879306,1.3550551,2.0085704,1.5216496,1.3520563,2.013443,0.0,0.0,2.162973,1.3247042,1.8931845,0.0
453,2.1749537,1.4652853,0.0,0.0,2.0052218,0.0,2.1573699,0.0,2.619425,1.4301752,1.163313,0.28116673,0.0,1.3360211,2.030709,0.0,0.9262245,1.6016533,2.485037,2.2792807,1.2942317,1.5601748,2.571621,1.2756035,1.5375415,2.3174264,0.95652246,2.3618088,1.7903286,1.2471505,1.8973724,1.5540621,1.3622242,1.9308777,0.0,0.0,2.0556762,1.5223979,1.9433438,0.0
454,2.225169,1.5174842,0.0,0.0,2.1226664,0.0,2.2562735,0.0,2.5879054,1.4614415,1.4310299,0.29402798,0.0,1.2506763,2.125737,0.0,1.016333,1.4610041,2.5591195,2.4737017,1.3811632,1.7413285,2.4824312,1.1379476,1.5303651,2.40058,0.97021943,2.2598386,1.7949551,1.1445798,1.7967495,1.6477468,1.3800663,1.9023134,0.0,0.0,1.9075804,1.6844692,1.9424529,0.0
455,2.334204,1.565002,0.0,0.0,2.247017,0.0,2.3263338,0.0,2.5253758,1.4670961,1.7287256,0.37296107,0.0,1.27743,2.3332312,0.0,1.2384443,1.4041917,2.626185,2.710543,1.4849149,2.0283341,2.372009,0.96768475,1.4778385,2.4280422,1.0405513,2.1322727,1.8121476,1.0323979,1.6849773,1.8360467,1.4450123,1.9392824,0.0,0.0,1.7641921,1.8356235,1.8873657,0.0
456,2.4737792,1.583744,0.0,0.0,2.2964559,0.0,2.3131714,0.0,2.350377,1.3801486,2.069551,0.5092856,0.0,1.4567912,2.654747,0.0,1.6699017,1.4159051,2.623892,2.9508615,1.600217,2.4252212,2.192639,0.769831,1.335802,2.354865,1.1234949,1.9365898,1.8146011,0.91634846,1.5291964,2.1195457,1.5795637,1.9880382,0.0,0.0,1.5875959,1.9814453,1.7258006,0.0
457,2.6107576,1.5419147,0.0,0.0,2.197027,0.0,2.1163216,0.0,1.985,1.215681,2.3490603,0.7875267,0.0,1.8637531,3.061045,0.0,2.3545475,1.5501356,2.5225031,3.11059,1.7384161,2.8274221,1.8985281,0.5930023,1.0976253,2.128527,1.3021144,1.6728518,1.78254,0.8717701,1.3623856,2.4625964,1.8265551,2.0056863,0.0,0.0,1.3718463,2.1021845,1.4457921,0.0
458,2.6019163,1.392224,0.0,0.0,1.8948562,0.0,1.6629828,0.0,1.4778107,1.0278318,2.3425632,1.1666332,0.0,2.3775568,3.2982407,0.0,3.0238965,1.7595323,2.259337,2.9649796,1.8197376,2.9138324,1.4997678,0.5915858,0.8942575,1.7050253,1.5127406,1.4447038,1.663867,0.9893426,1.2895879,2.698694,2.104864,1.8667654,0.0,0.0,1.2395552,2.1025553,1.1677328,0.0
459,2.56293,1.3812916,0.0,0.0,1.6998281,0.0,1.3278128,0.0,1.2092427,1.0665414,2.1786883,1.6263236,0.0,2.8349607,3.4450095,0.0,3.5436966,2.0942972,2.1431038,2.8439586,2.037313,2.784682,1.368123,0.83795106,0.9307182,1.4813083,1.8472859,1.5652939,1.7086436,1.3861262,1.42934,2.8447642,2.4529514,1.8337966,0.0,0.0,1.3286488,2.1586368,1.1806084,0.0
460,2.3845062,1.3110306,0.0,0.0,1.5097558,0.0,0.9908457,0.0,1.0532206,1.0969598,1.8242317,1.8188609,0.0,3.036133,3.2961774,0.0,3.6359212,2.2598135,1.981788,2.577102,2.0908356,2.4033425,1.2258074,1.0285616,0.97436833,1.3172997,2.0475743,1.7247599,1.6368154,1.7188033,1.4947194,2.724968,2.6047127,1.6670283,0.0,0.0,1.4211271,2.1179633,1.3028622,0.0
461,2.1301436,1.1654038,0.0,0.0,1.3895248,0.0,0.62272877,0.0,0.96765286,1.1105487,1.3768988,1.781053,0.0,3.051321,2.9687922,0.0,3.4398546,2.3022056,1.8342112,2.264871,2.0335457,1.8877617,1.0865455,1.1334745,1.0072631,1.1861826,2.1645775,1.9025912,1.4834754,1.9665614,1.4572401,2.438768,2.588238,1.4401416,0.0,0.0,1.4884934,2.0142128,1.4672592,0.0
462,1.8293588,1.0808654,0.0,0.0,1.4025493,0.0,0.29670215,0.0,0.9776752,1.1567954,0.922747,1.6285769,0.0,2.9321282,2.5565944,0.0,3.09039,2.2374372,1.7509087,1.9467824,1.9418703,1.3237554,0.9670563,1.2076879,1.0956755,1.1023341,2.243733,2.1265478,1.3053646,2.1601663,1.3793414,2.0532043,2.499603,1.2044437,0.0,0.0,1.5324602,1.9201981,1.7398019,0.0
463,1.443919,1.0874555,0.0,0.0,1.5206529,0.0,0.023813352,0.0,1.1478132,1.2017207,0.4517661,1.3980546,0.0,2.6078174,1.974218,0.0,2.512259,2.0206385,1.6650673,1.559408,1.7888986,0.6803897,0.8409886,1.2312171,1.2136,1.0196925,2.2693372,2.3444262,1.0989745,2.3128207,1.2782438,1.5639186,2.1860778,0.9389955,0.0,0.0,1.494145,1.8028443,2.0446477,0.0
464,1.0362985,1.25023,0.0,0.0,1.8654003,0.0,0.035620943,0.0,1.4027822,1.3201461,0.17263278,1.2639121,0.0,2.1188993,1.4432791,0.0,1.9094725,1.6802737,1.7020329,1.2444711,1.5773605,0.225227,0.86354834,1.2735918,1.4061416,1.0198262,2.240827,2.5664008,0.9866289,2.373227,1.2786816,1.1657176,1.8018638,0.79294485,0.0,0.0,1.3861293,1.6408461,2.3190174,0.0
465,0.5878292,1.4018215,0.0,0.0,2.1788087,0.0,0.14787315,0.0,1.5329746,1.3258951,0.045757867,1.1022668,0.0,1.4284487,0.87051064,0.0,1.2347935,1.1887517,1.6111727,0.85863477,1.2029593,0.0,0.8925778,1.1593192,1.4574919,0.8583458,1.9579697,2.4938865,0.9010998,2.1379886,1.2142788,0.82877254,1.2284814,0.6530729,0.0,0.0,1.065583,1.3990555,2.2835722,0.0
466,0.36188954,1.6546254,0.0,0.0,2.55519,0.0,0.5289273,0.0,1.651673,1.3485525,0.28938767,1.1839261,0.0,0.8925316,0.61673456,0.0,0.92610025,0.940562,1.6218073,0.68251425,0.8936644,0.06576105,1.1734309,1.1019957,1.5480441,0.6619881,1.6588261,2.32569,1.0868946,1.8583174,1.3904161,0.8358716,0.7807342,0.7077943,0.0,0.0,0.7651946,1.313683,2.1149035,0.0
467,0.3382545,1.7347434,0.0,0.0,2.7695951,0.0,1.0059614,0.0,1.6604446,1.3357072,0.7381176,1.4421309,0.0,0.5695658,0.6461089,0.0,0.9327484,0.88540083,1.6025484,0.6677343,0.6981819,0.58373046,1.4692485,1.0236857,1.5145525,0.42341912,1.3624763,2.0722442,1.4749115,1.4641045,1.6077712,1.0959926,0.45131803,0.90280414,0.0,0.0,0.44810712,1.3328742,1.7061847,0.0
468,0.585997,1.7187635,0.0,0.0,2.7988224,0.0,1.539631,0.0,1.577939,1.3508638,1.3279394,1.9005345,0.0,0.72265524,1.0437135,0.0,1.3057206,1.216578,1.6911272,0.8271821,0.7265218,1.3558282,1.8876598,1.0056007,1.4632493,0.24887559,1.186219,1.8040714,2.0362196,1.1688696,1.9935195,1.6256497,0.49934286,1.2900289,0.0,0.0,0.38343224,1.561964,1.2057048,0.0
469,0.92444444,1.513483,0.0,0.0,2.509066,0.0,1.9172918,0.0,1.4641637,1.3445932,1.7600393,2.2795293,0.0,1.1011121,1.5366032,0.0,1.79845,1.5924207,1.7492734,1.0852276,0.9386336,2.0741363,2.106118,1.0477178,1.3890245,0.2020872,1.0999012,1.6095182,2.4723992,0.9435771,2.2199502,2.0677228,0.7420664,1.6396308,0.0,0.0,0.47360042,1.8210137,0.76307714,0.0
470,1.1228454,1.1937556,0.0,0.0,2.0733023,0.0,2.012798,0.0,1.3965961,1.2773986,1.9042336,2.481768,0.0,1.4370074,1.8553125,0.0,2.072893,1.8714156,1.720978,1.2860188,1.1797463,2.468455,2.1136737,1.0400685,1.2585413,0.24846628,1.0108447,1.4427552,2.6866016,0.7562077,2.2637386,2.190426,0.98476994,1.8672477,0.0,0.0,0.61767185,2.0093648,0.46686864,0.0
471,1.2694169,0.9807973,0.0,0.0,1.7589314,0.0,2.1587892,0.0,1.3995788,1.2891414,1.9832269,2.6572533,0.0,1.7287053,2.0885887,0.0,2.293823,2.108255,1.7299917,1.4999053,1.4842236,2.7480514,2.0850568,1.1039526,1.2067697,0.4129037,1.0736152,1.489463,2.8494146,0.7195298,2.2817302,2.20831,1.2453902,2.0915422,0.0,0.0,0.8156893,2.1523519,0.41707104,0.0
472,1.2651339,0.79211986,0.0,0.0,1.5507314,0.0,2.3013952,0.0,1.4115615,1.3157976,1.9247596,2.8645697,0.0,1.9119079,2.2623353,0.0,2.4113052,2.2334087,1.711494,1.6719369,1.74825,2.9464395,1.9608824,1.1897035,1.1302679,0.5599972,1.162597,1.5950817,2.916961,0.68798226,2.2151108,2.1058683,1.468874,2.2356608,0.0,0.0,0.9669285,2.2045968,0.49873084,0.0
473,1.1193135,0.68904835,0.0,0.0,1.3601832,0.0,2.4030921,0.0,1.405603,1.2811337,1.7797375,3.0461233,0.0,1.9246694,2.2943697,0.0,2.3747475,2.2174928,1.596393,1.7398,1.9255124,2.9936607,1.7212739,1.2737484,1.0005951,0.64157975,1.2474122,1.7038099,2.878515,0.57963026,2.0143335,1.8268173,1.6085386,2.2910054,0.0,0.0,0.98660314,2.142125,0.66179556,0.0
474,0.86007404,0.6589173,0.0,0.0,1.2529956,0.0,2.5117087,0.0,1.3345362,1.1905895,1.5682403,3.181521,0.0,1.7340512,2.215511,0.0,2.1623108,2.063695,1.3407856,1.6808116,1.9698819,2.8864405,1.384033,1.3586371,0.83939105,0.6533596,1.3246303,1.7287825,2.6902113,0.4442172,1.6921046,1.421902,1.6374604,2.233596,0.0,0.0,0.900398,1.9129286,0.8940688,0.0
475,0.6296853,0.8028077,0.0,0.0,1.2630424,0.0,2.5942512,0.0,1.2174335,1.0756707,1.4159724,3.230616,0.0,1.4246101,2.105026,0.0,1.8717537,1.7440671,1.0714294,1.542484,1.8752235,2.6221516,0.99802136,1.4710891,0.688257,0.6449782,1.4092934,1.7089595,2.4054086,0.35046667,1.3145,1.0463771,1.6075078,2.072663,0.0,0.0,0.6942863,1.5819508,1.1738338,0.0
476,0.6263668,1.1726935,0.0,0.0,1.448173,0.0,2.71978,0.0,1.1675521,1.0376353,1.4616281,3.286146,0.0,1.2288059,2.1449509,0.0,1.7684274,1.5237682,0.96119046,1.4305518,1.7465527,2.330738,0.8259507,1.6993761,0.7031581,0.6580978,1.566261,1.7078995,2.1997483,0.4701833,1.1190485,0.93887717,1.6942754,1.9148186,0.0,0.0,0.5586818,1.3692756,1.4948877,0.0
477,0.7816996,1.5835302,0.0,0.0,1.6846086,0.0,2.8089228,0.0,1.1287433,1.0127605,1.6378328,3.2568507,0.0,1.1501663,2.2677245,0.0,1.7896693,1.3972653,0.9537103,1.288841,1.5928464,2.0069084,0.75885355,1.941844,0.7915498,0.66058165,1.7567611,1.647837,2.0861628,0.7138266,1.0587298,1.0251818,1.8290268,1.778452,0.0,0.0,0.456434,1.2836974,1.7232558,0.0
478,1.131479,2.001492,0.0,0.0,1.9794354,0.0,2.8875277,0.0,1.1604949,1.0660292,1.9724745,3.2447438,0.0,1.3208556,2.5045447,0.0,1.9908787,1.428706,1.159333,1.2494996,1.5379041,1.7607156,0.8400497,2.236721,0.99941987,0.74172044,2.045004,1.659465,2.1393409,1.0899737,1.1754951,1.3001094,2.0664897,1.7202109,0.0,0.0,0.5050522,1.4474572,1.8731731,0.0
479,1.5366197,2.3132463,0.0,0.0,2.2070203,0.0,2.8255785,0.0,1.2104927,1.1042823,2.3173678,3.1190875,0.0,1.6338297,2.696846,0.0,2.2551243,1.4912002,1.4604548,1.2043784,1.5451568,1.4955345,0.9233737,2.4650688,1.2479801,0.88321745,2.362068,1.625419,2.2587688,1.5271717,1.375967,1.6177967,2.310777,1.678246,0.0,0.0,0.6452808,1.7462807,1.8786744,0.0
480,1.915542,2.4880588,0.0,0.0,2.3092842,0.0,2.577136,0.0,1.3081634,1.1350188,2.5787961,2.8421493,0.0,2.0444689,2.7691019,0.0,2.512994,1.5532418,1.8276951,1.1957748,1.6365422,1.2239625,0.973571,2.5831034,1.5222747,1.1127843,2.7241483,1.5359455,2.3986077,1.9952538,1.6238383,1.8850241,2.4946282,1.6554728,0.0,0.0,0.8810779,2.1170893,1.7845234,0.0
481,2.173356,2.5138743,0.0,0.0,2.2738757,0.0,2.2378201,0.0,1.4682223,1.1619823,2.6838791,2.473253,0.0,2.4603603,2.7185688,0.0,2.719165,1.5653876,2.216557,1.2853312,1.8165244,1.0270199,1.0098194,2.5705984,1.8280565,1.4014401,3.0500803,1.4805874,2.5262022,2.4746683,1.8824161,2.0556612,2.6015024,1.6771713,0.0,0.0,1.2114522,2.4735124,1.6231165,0.0
482,2.240535,2.4462984,0.0,0.0,2.179337,0.0,1.865633,0.0,1.6277236,1.2058148,2.5963047,2.1198092,0.0,2.7621558,2.55555,0.0,2.8585975,1.5086281,2.5185452,1.4405553,1.9934568,0.9390604,1.0260148,2.4758236,2.0169647,1.7023976,3.2703714,1.449222,2.5729165,2.8192933,2.0900903,2.0902817,2.591533,1.7214037,0.0,0.0,1.5493312,2.7195086,1.4874581,0.0
483,2.1934671,2.3793244,0.0,0.0,2.0685549,0.0,1.6377938,0.0,1.8112777,1.2926593,2.4860027,1.9537259,0.0,2.9499326,2.388554,0.0,2.9572084,1.4454305,2.7313204,1.6461755,2.2117562,1.0328344,1.0193179,2.3507414,2.2146776,1.9772204,3.4704325,1.4996761,2.6139848,3.0467665,2.2900877,2.0598307,2.601231,1.8546181,0.0,0.0,1.8094152,2.8447776,1.4380159,0.0
484,1.9933088,2.268056,0.0,0.0,1.8886266,0.0,1.4765818,0.0,1.8851517,1.3367771,2.3148868,1.9162931,0.0,2.934567,2.1347892,0.0,2.953902,1.3064878,2.7384758,1.758908,2.34201,1.1487066,0.92719823,2.1950762,2.3033235,2.0886405,3.5521722,1.5225788,2.5713503,3.1209204,2.3421214,1.9152138,2.5399983,1.9286187,0.0,0.0,1.9102488,2.827385,1.3918692,0.0
485,1.6706822,2.1727922,0.0,0.0,1.6719463,0.0,1.3814373,0.0,1.8804436,1.3255056,2.1230102,2.0080342,0.0,2.7897832,1.8609653,0.0,2.9121149,1.1195621,2.576998,1.8049648,2.3783262,1.2628099,0.78448653,2.0167856,2.3189812,2.0863035,3.5247233,1.4643284,2.4904876,3.0581262,2.3149054,1.7459028,2.418224,1.9849832,0.0,0.0,1.8877223,2.682056,1.3254803,0.0
486,1.2622292,2.0899613,0.0,0.0,1.4020365,0.0,1.335853,0.0,1.7801394,1.2883097,1.9244086,2.2283866,0.0,2.5091288,1.5590973,0.0,2.8257084,0.90777445,2.2656054,1.7641343,2.3013766,1.3843096,0.60362864,1.8198961,2.2826095,1.9410871,3.3774114,1.334566,2.3542657,2.8811138,2.209098,1.592171,2.2481415,1.9912198,0.0,0.0,1.7393687,2.4258513,1.2100157,0.0
487,0.8255989,2.0143087,0.0,0.0,1.0927147,0.0,1.3600467,0.0,1.5780269,1.2685764,1.7422222,2.5862436,0.0,2.0982273,1.2671747,0.0,2.7313116,0.71477383,1.8441691,1.6634581,2.110835,1.5214792,0.46686435,1.6316804,2.19594,1.6763433,3.0689292,1.1318564,2.1687028,2.5980525,2.0372443,1.5477748,2.025108,1.9286319,0.0,0.0,1.4910461,2.085194,1.0509242,0.0
488,0.4820637,1.9574871,0.0,0.0,0.8612557,0.0,1.5409621,0.0,1.3131948,1.3484291,1.6334268,3.0713718,0.0,1.5958412,1.1211926,0.0,2.6603293,0.64793396,1.4364401,1.598922,1.8333371,1.7105302,0.5008851,1.519866,2.1255045,1.3395572,2.6249144,0.9861528,1.9659116,2.2721279,1.8790135,1.7110176,1.8169633,1.8296632,0.0,0.0,1.196856,1.7147617,0.8947915,0.0
489,0.49742368,2.0152109,0.0,0.0,0.8491932,0.0,1.8717797,0.0,1.0987093,1.5979985,1.6483144,3.5715432,0.0,1.2144325,1.3008146,0.0,2.7063382,0.7580659,1.2743965,1.6746831,1.5747417,1.978581,0.79875404,1.5579758,2.1923804,1.1375365,2.1142507,1.0198061,1.820388,1.9921578,1.8634042,2.1607473,1.7397019,1.7430629,0.0,0.0,1.0328661,1.4393442,0.83785975,0.0
490,0.7424865,2.0679915,0.0,0.0,0.9827599,0.0,2.1092062,0.0,0.9084597,1.8779578,1.6796294,3.802311,0.0,0.948499,1.5707768,0.0,2.712322,0.939854,1.3268535,1.7734613,1.3492199,2.1432254,1.2102277,1.6763711,2.2748966,1.0089465,1.6066442,1.1188267,1.646403,1.808929,1.8574338,2.6241927,1.7343574,1.5409113,0.0,0.0,0.9504203,1.2762456,0.8313367,0.0
491,1.1261263,2.16014,0.0,0.0,1.2501919,0.0,2.2106097,0.0,0.78873104,2.1453857,1.7256507,3.7850242,0.0,0.86181164,1.912193,0.0,2.72531,1.1148546,1.5733582,1.9484386,1.2370696,2.234915,1.6558039,1.826196,2.405605,1.0520843,1.2302428,1.259627,1.4922321,1.7730232,1.9661046,3.0362768,1.8278066,1.325438,0.0,0.0,0.9911735,1.2048479,0.8921219,0.0
492,1.5059452,2.2013042,0.0,0.0,1.5920038,0.0,2.163012,0.0,0.68431306,2.3566365,1.7137538,3.5261438,0.0,0.8437164,2.1890793,0.0,2.6833687,1.199645,1.8610868,2.135075,1.1999096,2.1978781,2.0157175,1.9855988,2.5247133,1.1669956,0.9545049,1.382882,1.2899232,1.8235953,2.071461,3.2413735,1.9358766,1.0455306,0.0,0.0,1.1301303,1.1408501,0.9670364,0.0
493,1.8160734,2.1901968,0.0,0.0,1.9463818,0.0,1.9504037,0.0,0.5779777,2.4511416,1.6084584,3.0512314,0.0,0.8462623,2.33538,0.0,2.5731697,1.1489966,2.154517,2.300136,1.206578,2.01865,2.2426782,2.084962,2.5859706,1.3235958,0.79151756,1.4961487,1.0706985,1.9008839,2.1620412,3.1587598,2.0368476,0.7481759,0.0,0.0,1.3053457,1.0627625,1.067646,0.0
494,1.9962637,2.1118186,0.0,0.0,2.295956,0.0,1.6303838,0.0,0.49726698,2.4152434,1.4182283,2.3893871,0.0,0.8610049,2.294422,0.0,2.3768003,1.0138022,2.3781476,2.458239,1.2523032,1.7602543,2.3694487,2.1180017,2.52263,1.4841598,0.77874506,1.6679834,0.8632326,1.9949267,2.208227,2.736278,2.132149,0.44043738,0.0,0.0,1.4873291,0.97322243,1.1990906,0.0
495,2.049279,2.0128028,0.0,0.0,2.5236878,0.0,1.3628113,0.0,0.49880618,2.2724738,1.2045635,1.7859176,0.0,0.89309686,2.1095872,0.0,2.14677,0.84945035,2.5029435,2.5176582,1.3255453,1.4904729,2.3960264,2.0809803,2.399377,1.5814503,0.91163945,1.8548506,0.7566439,1.9951538,2.2299316,2.1127295,2.194313,0.27359718,0.0,0.0,1.6232785,0.8936438,1.3960191,0.0
496,1.95786,1.8763616,0.0,0.0,2.5674686,0.0,1.1731308,0.0,0.5365765,2.078381,1.019418,1.3583161,0.0,0.8777466,1.8114165,0.0,1.9304516,0.710147,2.4650917,2.4382882,1.3391633,1.2442111,2.3723629,1.9831833,2.2386112,1.5350723,1.0909884,1.9814525,0.7443564,1.9392601,2.207053,1.4831707,2.1971123,0.19543652,0.0,0.0,1.6732364,0.8465448,1.5635571,0.0
497,1.8601998,1.8235543,0.0,0.0,2.5526326,0.0,1.1833116,0.0,0.6385336,2.0083082,0.96094835,1.2261009,0.0,0.87397647,1.5464717,0.0,1.8361537,0.6666453,2.4589849,2.3933854,1.3535454,1.097531,2.3936923,1.9357736,2.158344,1.4871036,1.3702773,2.1144521,0.8730988,1.9191855,2.2445726,1.0684528,2.2363656,0.25376022,0.0,0.0,1.6947752,0.8756515,1.7502342,0.0
498,1.7361006,1.7484405,0.0,0.0,2.4574392,0.0,1.2519112,0.0,0.7469945,1.9759604,0.92010903,1.2584326,0.0,0.8368912,1.2557874,0.0,1.8037416,0.64145964,2.4237661,2.2927125,1.3450671,0.9835383,2.4441402,1.9098352,2.094657,1.3777984,1.582428,2.2481568,1.0246015,1.8491694,2.2907555,0.764597,2.2703676,0.33879125,0.0,0.0,1.6636943,0.9261011,1.9068893,0.0
499,1.592685,1.633014,0.0,0.0,2.2765932,0.0,1.3666816,0.0,0.8665251,1.9939343,0.8932629,1.429403,0.0,0.7822252,0.92872435,0.0,1.806586,0.6352297,2.3894315,2.1315281,1.3068521,0.88832587,2.4918406,1.8855138,2.0558603,1.2272741,1.7577708,2.3454602,1.1797827,1.7610809,2.3600805,0.58765066,2.258442,0.43789455,0.0,0.0,1.6076185,0.9921163,2.0094657,0.0
500,1.4670129,1.4895823,0.0,0.0,2.0449386,0.0,1.5179015,0.0,1.0148269,2.0786932,0.88833565,1.7247235,0.0,0.7444024,0.6040953,0.0,1.8473104,0.6856868,2.4111571,1.9701164,1.2366471,0.83972967,2.53224,1.8524508,2.0570347,1.1120275,1.937892,2.3696194,1.3998663,1.6956332,2.400197,0.56554717,2.2250068,0.6090628,0.0,0.0,1.5465105,1.0985777,2.0655265,0.0
501,1.3053339,1.2599063,0.0,0.0,1.7531426,0.0,1.6638983,0.0,1.1957467,2.1774542,0.8603205,2.1137266,0.0,0.7634625,0.30847245,0.0,1.9051087,0.77459174,2.470388,1.7532141,1.1365087,0.86376005,2.4951081,1.7827585,2.0452569,1.0035336,2.0570579,2.2924173,1.6168648,1.6634372,2.420404,0.69529635,2.1664689,0.85572,0.0,0.0,1.4776311,1.2015822,2.0280955,0.0
502,1.1695325,0.95414877,0.0,0.0,1.39062,0.0,1.7101004,0.0,1.4102,2.2296102,0.8150499,2.4865117,0.0,0.8555607,0.04999105,0.0,1.933904,0.8757512,2.4995522,1.5164694,1.0406077,0.9369343,2.315726,1.667918,1.9579616,0.92405117,2.13269,2.0614822,1.8363384,1.6468745,2.317056,0.9444275,1.9701551,1.1775678,0.0,0.0,1.3804559,1.3331409,1.8824843,0.0
503,1.118036,0.68544734,0.0,0.0,1.1199638,0.0,1.7039785,0.0,1.7022263,2.2584465,0.778828,2.8300338,0.0,1.1197488,0.0511022,0.0,1.9847143,1.0722911,2.5860827,1.420972,1.0851332,1.1688739,2.0355062,1.5784304,1.8450885,1.0372772,2.1788692,1.8054526,2.0873268,1.7354428,2.1907704,1.3338315,1.7586648,1.6492717,0.0,0.0,1.3611987,1.5045159,1.687027,0.0
504,1.1422621,0.40404832,0.0,0.0,0.9315603,0.0,1.6054574,0.0,1.9685552,2.1393862,0.6982807,2.9688473,0.0,1.4156646,0.3041633,0.0,1.924067,1.1979175,2.5043638,1.3847303,1.1813891,1.4828103,1.627528,1.4715579,1.6121336,1.2203145,2.065368,1.4951267,2.2288852,1.7907234,1.9212527,1.6929128,1.4467547,2.1409817,0.0,0.0,1.3714011,1.5667913,1.457324,0.0
505,1.2613249,0.16326775,0.0,0.0,0.8107555,0.0,1.4028989,0.0,2.1828578,1.9347624,0.6131053,2.8686929,0.0,1.6622758,0.74072474,0.0,1.7063156,1.303266,2.2328146,1.4150586,1.3561227,1.8132529,1.196435,1.3660305,1.2543184,1.4013933,1.7767806,1.2037622,2.2377827,1.7710868,1.5528136,1.9332368,1.0783792,2.5813553,0.0,0.0,1.4058096,1.4896069,1.2675099,0.0
506,1.515486,0.10237445,0.0,0.0,0.7883057,0.0,1.2373551,0.0,2.3244433,1.6912882,0.5883427,2.5218697,0.0,1.7957952,1.4195518,0.0,1.4405107,1.4508786,1.8459342,1.5929655,1.5906823,2.117477,0.94367087,1.3330648,0.8642783,1.6560293,1.3819631,1.0345825,2.163809,1.6975408,1.243811,2.0612907,0.76478535,2.9451623,0.0,0.0,1.4935637,1.2862012,1.2049876,0.0
507,1.8299576,0.22900154,0.0,0.0,0.78960985,0.0,1.1377021,0.0,2.30801,1.400753,0.66165936,1.8405077,0.0,1.7028797,2.095509,0.0,1.0700635,1.5616422,1.3652121,1.7890049,1.7358153,2.2019317,0.90926427,1.3144495,0.51419246,1.7919335,0.8792034,1.0222726,1.9590102,1.4931921,0.99130946,2.0113492,0.48819172,3.004187,0.0,0.0,1.5384245,1.022674,1.1970047,0.0
508,2.212417,0.7609942,0.0,0.0,1.0127834,0.0,1.3660121,0.0,2.3128386,1.2602557,1.0694773,1.1253983,0.0,1.6336331,2.791377,0.0,1.0353254,1.7829329,1.2929906,2.1218054,1.8387388,2.0794876,1.2503154,1.5104188,0.5528772,1.9999303,0.69158375,1.3706907,1.875856,1.3694155,1.054341,1.9707346,0.56432295,2.8520112,0.0,0.0,1.5579753,1.0491985,1.3330675,0.0
509,2.5139477,1.2439251,0.0,0.0,1.2105963,0.0,1.6513449,0.0,2.2854033,1.2991116,1.3757285,0.66575396,0.0,1.4814875,3.2009723,0.0,1.0451208,1.968444,1.3530341,2.3800485,1.929856,1.914565,1.7116568,1.5754524,0.7364565,2.099203,0.60786456,1.6881366,1.7847724,1.3626792,1.3088175,2.0059302,0.7472523,2.5966864,0.0,0.0,1.6702137,1.1590896,1.5259567,0.0
510,2.6735163,1.6120856,0.0,0.0,1.3237523,0.0,1.9030526,0.0,2.2396722,1.4085288,1.5794796,0.38862637,0.0,1.3415054,3.350913,0.0,1.1172893,2.0833035,1.5149891,2.5427606,1.952931,1.7179484,2.0693448,1.5939977,0.9693556,2.150462,0.6469373,1.8948333,1.709101,1.4180719,1.5627445,2.0544202,0.95722705,2.3397977,0.0,0.0,1.7359765,1.3182917,1.6601716,0.0
511,2.688572,1.8493755,0.0,0.0,1.3909054,0.0,2.1288605,0.0,2.2367156,1.4914529,1.7381657,0.18898073,0.0,1.2635478,3.3585162,0.0,1.2607756,2.1271873,1.7459991,2.667565,1.9486444,1.4890393,2.260208,1.6166017,1.1891717,2.2023013,0.75993806,2.041408,1.6671778,1.4840823,1.7388058,2.084275,1.1272506,2.079197,0.0,0.0,1.7071092,1.5138978,1.7152458,0.0
512,2.6854224,2.02259,0.0,0.0,1.442132,0.0,2.2986917,0.0,2.2343564,1.5693398,1.8126167,0.043877624,0.0,1.2584537,3.342667,0.0,1.4034425,2.1623242,2.0281608,2.7880347,1.9418391,1.3040817,2.3677754,1.6092987,1.401774,2.3077223,0.93106306,2.1249847,1.6429275,1.6150018,1.8957162,2.1415193,1.2895466,1.8661784,0.0,0.0,1.6869307,1.7304769,1.7549069,0.0
513,2.6556218,2.1515133,0.0,0.0,1.4902086,0.0,2.4453428,0.0,2.234573,1.6298416,1.8329974,0.0,0.0,1.3016852,3.3451688,0.0,1.5608089,2.1751275,2.306221,2.915249,1.9491136,1.1850201,2.4044676,1.5766195,1.5925095,2.425396,1.1183474,2.1507077,1.6263722,1.777783,2.00223,2.2072117,1.4453827,1.6991423,0.0,0.0,1.6749505,1.948625,1.780116,0.0
514,2.5606172,2.1891549,0.0,0.0,1.5212159,0.0,2.514995,0.0,2.187879,1.6268728,1.7663292,0.0,0.0,1.3532109,3.3294969,0.0,1.6862779,2.131991,2.512284,3.0174658,1.931588,1.0816721,2.3341582,1.4923955,1.7106339,2.5174007,1.2583482,2.0998363,1.564339,1.9286789,2.0179162,2.2223449,1.5592808,1.5203556,0.0,0.0,1.6160978,2.134009,1.7613903,0.0
515,2.3949506,2.1262457,0.0,0.0,1.5465119,0.0,2.4977825,0.0,2.0746355,1.5596372,1.6342219,0.0,0.0,1.3981609,3.3086398,0.0,1.7808022,2.0407064,2.6225047,3.0925906,1.8715268,1.0063301,2.1836112,1.372265,1.7496274,2.5525856,1.3421555,1.9796883,1.4374655,2.038909,1.9424917,2.1835618,1.6244015,1.3339093,0.0,0.0,1.5031232,2.280209,1.6966102,0.0
516,2.2034209,1.9962776,0.0,0.0,1.5853406,0.0,2.4137125,0.0,1.9089859,1.4335409,1.446402,0.0,0.0,1.4520977,3.3075364,0.0,1.8631853,1.8941059,2.6083274,3.1114178,1.7739245,0.96532625,1.9677453,1.2317774,1.7374313,2.5166624,1.3329635,1.8219472,1.2781638,2.0887525,1.7921823,2.1125016,1.6685364,1.1480814,0.0,0.0,1.3446081,2.4008317,1.6151398,0.0
517,2.0156562,1.8381681,0.0,0.0,1.6349843,0.0,2.253637,0.0,1.7179624,1.2706555,1.2308798,0.0,0.0,1.5138175,3.3154633,0.0,1.9359839,1.7258844,2.4480984,3.0962217,1.6684393,1.0127509,1.7639318,1.1026118,1.6747948,2.3884015,1.1951078,1.7135229,1.0801748,2.0632722,1.5678517,2.0189753,1.6831926,0.95053154,0.0,0.0,1.1715217,2.4945493,1.5211085,0.0
518,1.874557,1.6720464,0.0,0.0,1.6592567,0.0,2.019188,0.0,1.5492216,1.1297641,1.0554394,0.0,0.0,1.5651515,3.31855,0.0,1.9811336,1.5672102,2.1416774,3.009329,1.5549971,1.1352688,1.6178651,0.99637336,1.5591803,2.1697128,0.92146415,1.6399626,0.8542104,1.9165696,1.2932342,1.9392049,1.6473778,0.76745975,0.0,0.0,0.99675405,2.548552,1.4014627,0.0
519,1.8463044,1.5765331,0.0,0.0,1.6663777,0.0,1.7670115,0.0,1.4789318,1.0678016,1.0037141,0.07674291,0.0,1.6307483,3.3393395,0.0,2.0447397,1.4796408,1.7705423,2.871538,1.4861704,1.370569,1.6048348,0.96174455,1.4624845,1.9168466,0.60012776,1.6901194,0.65531087,1.6964267,1.0667523,1.9582846,1.6007214,0.66635585,0.0,0.0,0.899855,2.5949404,1.2960961,0.0
520,2.0102391,1.6280962,0.0,0.0,1.6462381,0.0,1.548285,0.0,1.5973195,1.1336677,1.1504639,0.29878715,0.0,1.7287726,3.3904023,0.0,2.158299,1.4470868,1.4530138,2.742163,1.5037181,1.6958095,1.7294939,1.0014272,1.4561398,1.7186295,0.31729072,1.8498592,0.586689,1.4319406,0.9552845,2.1139867,1.5281068,0.74909526,0.0,0.0,0.93631303,2.6456146,1.2313416,0.0
521,2.1986525,1.7032759,0.0,0.0,1.4766263,0.0,1.2460042,0.0,1.8062383,1.2171699,1.3848158,0.45398095,0.0,1.7583553,3.2469563,0.0,2.162431,1.3770862,1.1179769,2.5002184,1.5439814,1.962053,1.8111308,0.99458146,1.4266682,1.5103832,0.07227188,1.9561336,0.55585283,1.0862352,0.8607828,2.2526116,1.3328975,0.90976423,0.0,0.0,1.0356212,2.5609837,1.0952111,0.0
522,2.4342039,1.9129817,0.0,0.0,1.3161516,0.0,1.0029882,0.0,2.1783943,1.3989388,1.7190477,0.67616385,0.0,1.8324313,3.074852,0.0,2.2401013,1.3245645,1.0029153,2.3472512,1.7132581,2.250947,1.8526068,1.0242746,1.4547297,1.4565012,0.09999663,2.1073866,0.68843114,0.8729113,0.90405446,2.425132,1.2080622,1.2490417,0.0,0.0,1.2617421,2.4278798,1.0107632,0.0
523,2.659845,2.2263849,0.0,0.0,1.1846892,0.0,0.8233144,0.0,2.645001,1.6282488,2.0896182,0.95966864,0.0,1.9986268,2.8737762,0.0,2.351775,1.3011382,1.1359489,2.2820866,2.0572655,2.5077436,1.7811832,1.082751,1.5605264,1.5671285,0.48551768,2.2071867,0.98001647,0.8474178,1.0551043,2.5852532,1.2558192,1.7241288,0.0,0.0,1.5442662,2.266045,1.035995,0.0
524,2.7481668,2.5595992,0.0,0.0,1.1266944,0.0,0.68076015,0.0,3.0293198,1.8278322,2.4169412,1.3294739,0.0,2.2129366,2.6504638,0.0,2.458839,1.3022611,1.4620297,2.3159974,2.4389954,2.6829298,1.5306139,1.1445427,1.6766156,1.8182703,1.2205069,2.165025,1.342255,1.0862529,1.2370511,2.6683712,1.4552796,2.287326,0.0,0.0,1.8399858,2.0127409,1.163047,0.0
525,2.604809,2.7157931,0.0,0.0,1.2343469,0.0,0.60878235,0.0,3.2142692,1.8975861,2.5932703,1.7222015,0.0,2.3829892,2.4120095,0.0,2.5636244,1.2800865,1.8438336,2.4032078,2.7457838,2.7354531,1.1187274,1.2433131,1.7683083,2.0158706,2.0682156,2.001156,1.697311,1.4895581,1.4151516,2.5758708,1.7968487,2.6867537,0.0,0.0,1.9517071,1.7245169,1.3943775,0.0
526,2.212828,2.6221569,0.0,0.0,1.4428946,0.0,0.6053829,0.0,3.037282,1.8021406,2.4744232,2.0547185,0.0,2.3880155,2.1697874,0.0,2.5449908,1.2156136,2.076456,2.4186058,2.7905567,2.6012032,0.6623735,1.3616616,1.7602001,2.042375,2.7832375,1.7323917,1.8804337,1.9226247,1.4840724,2.3135896,2.1641166,2.8025365,0.0,0.0,1.8356445,1.384557,1.6209949,0.0
527,1.8228569,2.3915834,0.0,0.0,1.7158298,0.0,0.6721588,0.0,2.6866345,1.7009406,2.2211726,2.3121085,0.0,2.3206804,2.0484052,0.0,2.491441,1.2303907,2.1784225,2.4486704,2.6872683,2.3807395,0.392402,1.5423263,1.732294,1.9647259,3.2026486,1.5752493,1.9170451,2.263947,1.4799634,2.058057,2.4772635,2.7001643,0.0,0.0,1.6330823,1.1672268,1.8237544,0.0
528,1.574188,2.2221692,0.0,0.0,2.1039326,0.0,0.8848428,0.0,2.3666735,1.6660252,2.0435047,2.6493316,0.0,2.2379918,2.1471236,0.0,2.5323396,1.3354843,2.2475004,2.5459728,2.5641031,2.2350147,0.37285858,1.8523126,1.8441896,1.8583616,3.4459338,1.6070322,1.9781643,2.5683649,1.5167007,2.0289776,2.78625,2.5693214,0.0,0.0,1.4591236,1.1585668,2.0558856,0.0
529,1.3563777,2.0107305,0.0,0.0,2.414436,0.0,1.0149509,0.0,2.0165915,1.5964788,1.838819,2.8706756,0.0,2.0647542,2.215548,0.0,2.4932992,1.3934715,2.124538,2.5245183,2.3216808,2.0069296,0.42051923,2.0976841,1.906016,1.6527427,3.395002,1.6444758,1.9142466,2.6721237,1.4508303,2.0529957,2.9357057,2.3187735,0.0,0.0,1.2416556,1.1831422,2.19609,0.0
530,1.2798676,1.8743926,0.0,0.0,2.7187593,0.0,1.168738,0.0,1.7542583,1.6246498,1.7440506,3.0882325,0.0,1.8995793,2.337753,0.0,2.4929607,1.5400338,1.9981855,2.5054598,2.0753174,1.8208421,0.66129714,2.399479,2.0422373,1.4606562,3.2543764,1.7915901,1.8532271,2.7037833,1.4126564,2.2734327,3.0174594,2.0955632,0.0,0.0,1.0815297,1.3273454,2.3148525,0.0
531,1.2101613,1.6825427,0.0,0.0,2.864071,0.0,1.2231933,0.0,1.4668634,1.6154182,1.6624553,3.1380134,0.0,1.6362698,2.3046417,0.0,2.366913,1.6239779,1.7153325,2.3169258,1.6842271,1.568738,0.94319767,2.5957804,2.1040552,1.1893307,2.864822,1.8492528,1.6828809,2.5191174,1.258753,2.5284176,2.8931243,1.7806025,0.0,0.0,0.9069258,1.4722207,2.25616,0.0
532,1.1891955,1.5048045,0.0,0.0,2.858627,0.0,1.2302144,0.0,1.2493393,1.6087525,1.6447033,3.038639,0.0,1.3658665,2.1295354,0.0,2.1621048,1.6492658,1.3927788,2.0135968,1.2317766,1.3097368,1.2872672,2.6704783,2.1069846,0.94325656,2.3082688,1.8419378,1.5145708,2.1477015,1.0943261,2.840795,2.5817838,1.4547476,0.0,0.0,0.7983289,1.6582263,2.0479388,0.0
533,1.298985,1.432264,0.0,0.0,2.7686043,0.0,1.3070089,0.0,1.2034988,1.6531599,1.7290038,2.8859687,0.0,1.1921992,1.8747061,0.0,1.9586697,1.6313572,1.1882881,1.7300248,0.8639707,1.1725866,1.6464796,2.6227517,2.0697138,0.88415563,1.8021865,1.7745277,1.4566413,1.7098886,1.0001307,3.1181366,2.196337,1.3054923,0.0,0.0,0.8290354,1.851421,1.7263491,0.0
534,1.3875977,1.3927388,0.0,0.0,2.597437,0.0,1.3973132,0.0,1.258837,1.626023,1.8637856,2.6847563,0.0,1.1315472,1.4779943,0.0,1.7853861,1.5265672,1.129515,1.4004755,0.5734029,1.1580728,1.8985314,2.409315,1.9126168,0.89912015,1.3823905,1.6216167,1.4797654,1.25477,0.9964888,3.1751275,1.8066491,1.2884929,0.0,0.0,1.0088426,1.9858594,1.3208338,0.0
535,1.3796604,1.2848446,0.0,0.0,2.3614106,0.0,1.4912257,0.0,1.3303488,1.533565,1.9627773,2.5090806,0.0,1.1772457,0.97940654,0.0,1.6112224,1.3219813,1.1532363,1.0726618,0.3785753,1.2454908,1.9415355,2.0091784,1.6256198,0.99101406,1.162672,1.3631874,1.5522025,0.8909357,0.9603777,2.9146624,1.5047086,1.3542193,0.0,0.0,1.2367026,1.9488428,0.8911361,0.0
536,1.3072642,1.115843,0.0,0.0,2.226778,0.0,1.6715852,0.0,1.3904194,1.4253561,2.0754087,2.4913428,0.0,1.3443221,0.5857649,0.0,1.5819273,1.1335105,1.3713413,0.91339606,0.35129413,1.4493338,1.8331885,1.602564,1.325175,1.1372665,1.270134,1.1576147,1.694811,0.74110013,1.0184001,2.3931532,1.4679246,1.5147547,0.0,0.0,1.4936659,1.8364024,0.6823011,0.0
537,1.1949995,0.9581455,0.0,0.0,2.2222414,0.0,1.9451022,0.0,1.3921138,1.3366704,2.1599863,2.60844,0.0,1.573113,0.45220163,0.0,1.7068701,1.029409,1.7161411,0.95673186,0.47770777,1.6999017,1.6761575,1.3407378,1.1159872,1.2942593,1.6075485,1.1204973,1.836165,0.8801078,1.1581914,1.7675438,1.6818308,1.6641719,0.0,0.0,1.7100039,1.6905634,0.7325067,0.0
538,1.0391562,0.83227646,0.0,0.0,2.3227785,0.0,2.2330723,0.0,1.321674,1.3178031,2.1634848,2.8017101,0.0,1.731888,0.55942756,0.0,1.9515735,1.0310535,2.057706,1.171685,0.641519,1.8931681,1.5512953,1.2920632,1.040491,1.3853277,1.988705,1.3026251,1.9107108,1.180618,1.3178265,1.217072,2.0204096,1.6881362,0.0,0.0,1.7919657,1.5865651,1.0101812,0.0
539,0.8703636,0.6944884,0.0,0.0,2.444681,0.0,2.415568,0.0,1.1760046,1.2660286,2.0913243,2.9517407,0.0,1.7798676,0.7984658,0.0,2.1747038,1.1422648,2.2547226,1.3799685,0.7400041,1.9224856,1.5131567,1.396586,1.0448072,1.3115989,2.2334838,1.5434471,1.8657008,1.4811156,1.4193705,0.87003785,2.2932808,1.5607423,0.0,0.0,1.7383214,1.5422482,1.3648051,0.0
540,0.79016024,0.6293082,0.0,0.0,2.587533,0.0,2.5506737,0.0,1.0151105,1.2871538,2.031588,3.126292,0.0,1.7815838,1.123692,0.0,2.3930142,1.3156523,2.3838243,1.5679708,0.8272404,1.8793222,1.5546036,1.6166089,1.1838416,1.1851294,2.383095,1.8425968,1.787284,1.7592283,1.5171417,0.765768,2.530618,1.3974855,0.0,0.0,1.6247547,1.5614917,1.7354635,0.0
541,0.7275084,0.5996895,0.0,0.0,2.6555068,0.0,2.5861363,0.0,0.81204385,1.2866744,1.922122,3.2500472,0.0,1.6976197,1.440946,0.0,2.5569017,1.4388123,2.357758,1.6550756,0.85291475,1.7572421,1.5810783,1.833431,1.3590425,0.9587804,2.3473773,2.106228,1.6497244,1.9291352,1.5575794,0.8180156,2.6049194,1.195612,0.0,0.0,1.4276009,1.5813727,2.0059125,0.0
542,0.76300645,0.72304654,0.0,0.0,2.6542854,0.0,2.4791846,0.0,0.64083195,1.2634354,1.7974156,3.2884152,0.0,1.636933,1.8285922,0.0,2.6980605,1.6052713,2.2231212,1.694435,0.87351626,1.5862156,1.62504,2.0779855,1.5387824,0.6878377,2.1798344,2.3188803,1.54003,2.0344956,1.615368,1.1250412,2.5858264,1.0302633,0.0,0.0,1.186479,1.6272781,2.2314389,0.0
543,0.81214345,0.8864968,0.0,0.0,2.4326746,0.0,2.1852784,0.0,0.5022655,1.1696926,1.6089189,3.1515236,0.0,1.5333481,2.1760113,0.0,2.6695979,1.719531,1.9485245,1.585374,0.8708609,1.3733739,1.6215739,2.2231631,1.6356663,0.37599793,1.8458978,2.3585367,1.4629742,1.9572164,1.6463434,1.5333602,2.3969269,0.98109525,0.0,0.0,0.9149044,1.6376941,2.216255,0.0
544,0.9059963,1.1554437,0.0,0.0,2.0662436,0.0,1.7571588,0.0,0.50204134,1.0245644,1.418358,2.9111142,0.0,1.4581774,2.5251417,0.0,2.5656974,1.7530388,1.5711977,1.3934776,0.942429,1.1643579,1.5148408,2.2318606,1.6857697,0.0755445,1.4235162,2.1939466,1.5114814,1.8009976,1.7228948,2.0147817,2.062278,1.0667921,0.0,0.0,0.64540297,1.6159048,2.0931115,0.0
545,1.0772834,1.5402925,0.0,0.0,1.6151676,0.0,1.2776504,0.0,0.63576376,0.8599025,1.2327145,2.5799656,0.0,1.4889312,2.7941623,0.0,2.3571622,1.7221782,1.2847689,1.1170838,1.0914139,1.0747799,1.328187,2.0652466,1.5941597,0.0,1.0383617,1.8633863,1.7236751,1.5577017,1.877942,2.3838863,1.7195679,1.3662418,0.0,0.0,0.4978107,1.5122213,1.8437341,0.0
546,1.3901858,1.9855969,0.0,0.0,1.1568984,0.0,0.91954863,0.0,0.99031144,0.8028209,1.1388929,2.2344723,0.0,1.6380042,2.889852,0.0,2.0696561,1.7418677,1.2014681,0.8932963,1.4070807,1.09175,1.1824825,1.8160046,1.4978776,0.0,0.8864054,1.5326021,2.1347063,1.401251,2.1928935,2.5715647,1.4799178,1.8344382,0.0,0.0,0.59095633,1.3934522,1.5879837,0.0
547,1.6598068,2.3157012,0.0,0.0,0.83908355,0.0,0.7656747,0.0,1.3717475,0.8747179,1.0361177,1.8780729,0.0,1.7511868,2.7396016,0.0,1.7568189,1.7214665,1.3561212,0.6788501,1.7241415,1.1385461,1.1201041,1.4613845,1.3997073,0.14735225,0.9041551,1.2308409,2.5231798,1.2909278,2.563107,2.4745035,1.4393663,2.232849,0.0,0.0,0.8494244,1.1935444,1.3479804,0.0
548,1.9704574,2.5219219,0.0,0.0,0.7584221,0.0,0.95817935,0.0,1.7859199,1.1505499,1.0766987,1.6716343,0.0,1.9585679,2.6382856,0.0,1.5819457,1.8457023,1.809716,0.7936358,2.1531875,1.3020175,1.236958,1.2278485,1.4599813,0.59666646,1.2020128,1.330073,2.9391494,1.4849256,3.0734873,2.2764494,1.5793444,2.6129768,0.0,0.0,1.3257824,1.0917908,1.3092449,0.0
549,2.0496023,2.473156,0.0,0.0,0.7432849,0.0,1.2225434,0.0,2.0142026,1.4359093,1.0355242,1.3304178,0.0,1.9939826,2.2775922,0.0,1.3670521,1.8892566,2.3112004,0.9192917,2.341251,1.2721573,1.3828194,0.9513628,1.5769535,1.0758659,1.4720871,1.4670695,2.9943216,1.633528,3.4224389,1.8431468,1.6882399,2.581515,0.0,0.0,1.7655722,1.0084478,1.281621,0.0
550,2.0534163,2.343647,0.0,0.0,0.92207694,0.0,1.6720246,0.0,2.1666102,1.8004876,1.0765985,1.0806663,0.0,1.9384047,2.018429,0.0,1.3711711,1.9688029,2.8870187,1.2852803,2.426946,1.2754192,1.6997142,0.86212605,1.8591436,1.6238003,1.8196527,1.794687,2.8644216,1.8717562,3.7009523,1.5129206,1.8430213,2.3651521,0.0,0.0,2.16798,1.0848448,1.3757671,0.0
551,1.9383178,2.1461818,0.0,0.0,1.1566223,0.0,2.0682406,0.0,2.1605644,2.0721972,1.1267707,0.8392227,0.0,1.7813896,1.8199228,0.0,1.4891961,1.9970682,3.2925045,1.7502012,2.327607,1.2128485,2.017226,0.8795402,2.1580365,2.083112,2.075331,2.1259222,2.503663,2.0689564,3.732952,1.335654,1.8890051,1.9216219,0.0,0.0,2.4088225,1.2915418,1.4622782,0.0
552,1.7031558,1.8782254,0.0,0.0,1.3065169,0.0,2.263617,0.0,2.0115728,2.1399252,1.0956876,0.6289155,0.0,1.5466917,1.6313064,0.0,1.5895925,1.9412694,3.394165,2.1444275,2.1052158,1.0855607,2.177739,0.90443826,2.367658,2.3413253,2.1541905,2.3015811,2.0189857,2.1259205,3.4978118,1.2660604,1.7547518,1.416622,0.0,0.0,2.4123533,1.47019,1.4568658,0.0
553,1.4921467,1.7053151,0.0,0.0,1.4097407,0.0,2.3474126,0.0,1.8446842,2.11362,1.0615696,0.5026485,0.0,1.3627309,1.5783993,0.0,1.7165221,1.8602098,3.3343132,2.4994872,1.9003288,1.0113564,2.2708163,0.9829981,2.5472796,2.4990528,2.1811996,2.3800278,1.5844675,2.1313596,3.1970415,1.3874388,1.5594459,1.0480152,0.0,0.0,2.291371,1.6454108,1.4080209,0.0
554,1.3253374,1.6551967,0.0,0.0,1.4435296,0.0,2.3258784,0.0,1.6948668,1.9827158,1.0364043,0.43797937,0.0,1.2510438,1.6385525,0.0,1.8643932,1.7629118,3.1609578,2.7993772,1.7302972,1.0017309,2.2915108,1.0762913,2.6679945,2.601147,2.1795225,2.3726447,1.222735,2.0833464,2.8845587,1.6386688,1.3308426,0.84206456,0.0,0.0,2.1160862,1.8014718,1.303937,0.0
555,1.1208693,1.6856952,0.0,0.0,1.3728378,0.0,2.1874545,0.0,1.5116575,1.7631015,0.9813979,0.4625379,0.0,1.2158964,1.8292748,0.0,2.0012758,1.6156378,2.7952137,3.038049,1.5666736,1.0663431,2.208274,1.1139448,2.6935773,2.6435568,2.1507976,2.204569,0.90537554,1.9976851,2.5087962,1.9917486,1.0674431,0.77569175,0.0,0.0,1.8636932,1.8718374,1.0974239,0.0
556,0.7835188,1.6711204,0.0,0.0,1.0549258,0.0,1.7387707,0.0,1.157739,1.2644128,0.82554406,0.55605304,0.0,1.1661881,1.9946038,0.0,1.9601461,1.2780929,1.9722806,2.95872,1.277218,1.1173373,1.8597856,1.0121647,2.4038255,2.4104815,1.8725749,1.673752,0.5228486,1.6577904,1.851979,2.2872448,0.6075366,0.7772536,0.0,0.0,1.3822405,1.7079422,0.644279,0.0
557,0.54205936,1.567236,0.0,0.0,0.6443141,0.0,1.1196916,0.0,0.73382485,0.6269352,0.67382854,0.9865807,0.0,1.2687094,2.2321892,0.0,1.7908224,0.9084934,0.8123286,2.4420104,0.96020836,1.3228382,1.2906301,0.87725747,1.6709958,1.8357054,1.3883479,0.8844732,0.28890452,1.1592276,1.0221173,2.4543624,0.23691177,1.0489737,0.0,0.0,0.7433735,1.3609958,0.15137137,0.0
558,0.73590237,1.6574965,0.0,0.0,0.6534678,0.0,0.8606187,0.0,0.692417,0.44494992,0.8388385,1.8862975,0.0,1.5665168,2.5457008,0.0,1.8043578,0.89406013,0.21815786,1.7721063,0.9995828,1.7075559,1.0288138,0.94105214,1.0404536,1.2559127,1.1420045,0.404163,0.55800027,0.9776255,0.6322708,2.4763749,0.46488822,1.597924,0.0,0.0,0.4417478,1.0580536,0.18727042,0.0
559,1.1106086,1.768383,0.0,0.0,0.91579247,0.0,1.0408128,0.0,0.84284174,0.65681535,1.1279545,2.6610446,0.0,1.8322349,2.7484996,0.0,1.9870045,1.1404033,0.22982356,1.3322043,1.1761274,2.0345414,1.1514122,1.1811512,0.80299103,0.94618607,1.1263278,0.49658948,1.0349675,1.065007,0.76124525,2.4486833,0.976846,2.0111494,0.0,0.0,0.47203064,0.99734676,0.5614542,0.0
560,1.344774,1.7786102,0.0,0.0,1.1711855,0.0,1.3353205,0.0,0.97810006,0.9364317,1.31931,3.1820433,0.0,1.9506261,2.7696016,0.0,2.1303267,1.4200084,0.4358445,1.0281916,1.3003045,2.1702864,1.362896,1.3922744,0.74214584,0.7693924,1.1603031,0.7554731,1.3827356,1.208516,0.9928057,2.2659588,1.3930342,2.1657724,0.0,0.0,0.5394792,1.0079944,0.9617647,0.0
561,1.4174106,1.721617,0.0,0.0,1.4074513,0.0,1.6709094,0.0,1.073316,1.2543644,1.4269364,3.4953942,0.0,1.9436276,2.680939,0.0,2.270401,1.6995461,0.73014605,0.83961046,1.3659265,2.2070048,1.5892022,1.5749745,0.7626992,0.654341,1.2642988,1.0841963,1.616682,1.3726047,1.2549001,1.9922299,1.7108395,2.1488848,0.0,0.0,0.5724353,1.075284,1.3306226,0.0
562,1.457833,1.7154287,0.0,0.0,1.7417216,0.0,2.1326642,0.0,1.2349619,1.6278298,1.5777837,3.7569053,0.0,1.9495933,2.6349516,0.0,2.5348754,2.0337722,1.1810247,0.9015331,1.491296,2.2458062,1.8806453,1.828348,0.9441999,0.657565,1.5046543,1.513171,1.902562,1.6337537,1.6437352,1.7539225,2.0610158,2.0680006,0.0,0.0,0.66132796,1.3056393,1.7880236,0.0
563,1.3511496,1.6649714,0.0,0.0,2.0469525,0.0,2.5667722,0.0,1.3573905,1.8998196,1.6436236,3.8272934,0.0,1.8851762,2.512342,0.0,2.787667,2.2604468,1.6309167,1.0894414,1.5668391,2.232148,2.0661216,2.0453985,1.1577107,0.68687,1.7740226,1.924471,2.1817355,1.8606511,1.9909956,1.4296875,2.3218114,1.866868,0.0,0.0,0.6822254,1.6004242,2.1781154,0.0
564,1.1474351,1.5795543,0.0,0.0,2.262971,0.0,2.8630595,0.0,1.4115683,1.9915295,1.6234626,3.6946836,0.0,1.7761524,2.3368073,0.0,2.9710875,2.300807,2.0036368,1.3784928,1.5969279,2.1666439,2.08874,2.188972,1.3457643,0.7201632,2.0338657,2.2218437,2.4605281,2.0015578,2.2288399,1.0529583,2.509742,1.620436,0.0,0.0,0.61296177,1.9344504,2.4674933,0.0
565,0.8614334,1.4270734,0.0,0.0,2.3765652,0.0,2.9954185,0.0,1.4158213,1.8828279,1.54752,3.3596268,0.0,1.6391218,2.1643178,0.0,3.0205948,2.1106029,2.2249858,1.6993899,1.5477415,2.093939,1.9225957,2.212422,1.4735364,0.7646027,2.2302437,2.3355343,2.7228527,2.021195,2.3312056,0.646507,2.60479,1.3716,0.0,0.0,0.48123786,2.2460968,2.5931888,0.0
566,0.70621073,1.328928,0.0,0.0,2.4240022,0.0,2.9904227,0.0,1.4342734,1.6434662,1.5026708,2.956458,0.0,1.5742493,2.0937023,0.0,2.9980326,1.7850183,2.3569639,2.0631804,1.5218111,2.064448,1.6736331,2.2078476,1.5775278,0.8250605,2.3969624,2.3640573,3.0107286,1.9912351,2.333386,0.37491918,2.6751788,1.2444222,0.0,0.0,0.3708589,2.5141773,2.6095405,0.0
567,0.622571,1.2105384,0.0,0.0,2.3663473,0.0,2.758088,0.0,1.4045748,1.2961957,1.4449824,2.5150974,0.0,1.484563,1.9929023,0.0,2.8269107,1.3144407,2.318582,2.2440689,1.4233693,1.9846454,1.3697643,2.088974,1.6022836,0.8486922,2.3984025,2.2131062,3.1830175,1.8448247,2.176773,0.18601134,2.6617646,1.1551178,0.0,0.0,0.26977733,2.6001167,2.4725251,0.0
568,0.6779526,1.0897443,0.0,0.0,2.2627797,0.0,2.4377248,0.0,1.3963727,0.9689167,1.422789,2.1433504,0.0,1.4326524,1.9203849,0.0,2.5995882,0.84358585,2.2153397,2.269759,1.3223344,1.8934294,1.1107867,1.9329265,1.5751649,0.8744292,2.301567,2.0089011,3.2556317,1.6810497,1.9917562,0.10696164,2.6015904,1.1150509,0.0,0.0,0.24403727,2.5595927,2.3006003,0.0
569,0.84048957,0.9251648,0.0,0.0,2.1553752,0.0,2.090542,0.0,1.4014922,0.7119083,1.4406543,1.8443285,0.0,1.3914839,1.797935,0.0,2.3443966,0.43327603,2.1205666,2.1451566,1.2005881,1.7495257,0.92643446,1.7544706,1.5107689,0.8610691,2.1172528,1.788951,3.239074,1.5129305,1.795351,0.08155228,2.4894354,1.0564928,0.0,0.0,0.3020884,2.423719,2.1116018,0.0
570,1.2015243,0.8314214,0.0,0.0,2.1802495,0.0,1.8583683,0.0,1.5154915,0.67682546,1.5503129,1.7013655,0.0,1.4794555,1.7441757,0.0,2.2316952,0.20206112,2.2432137,2.0131142,1.1647762,1.6363038,0.9287545,1.6511863,1.5182651,0.96035373,2.00325,1.7077874,3.2186964,1.4932699,1.7437696,0.22619553,2.4322486,1.1002951,0.0,0.0,0.49499765,2.303584,2.0058274,0.0
571,1.686002,0.7022207,0.0,0.0,2.2374225,0.0,1.6436362,0.0,1.6940627,0.82022226,1.6743928,1.5946892,0.0,1.5905406,1.6115174,0.0,2.1591194,0.1553897,2.477553,1.7805263,1.1977184,1.4074785,1.0568757,1.5434752,1.4904817,1.1080987,1.8906392,1.6583332,3.0583408,1.5423737,1.7462373,0.42156303,2.2721899,1.129297,0.0,0.0,0.79574037,2.1291847,1.9486233,0.0
572,2.26238,0.6909564,0.0,0.0,2.3756042,0.0,1.559547,0.0,1.9771045,1.2166274,1.8394157,1.6004994,0.0,1.8054297,1.4888,0.0,2.2088547,0.42746222,2.883793,1.5824656,1.3930074,1.1745282,1.3273442,1.4557688,1.5033978,1.4005655,1.913949,1.6764284,2.809735,1.7429942,1.885068,0.75424623,2.0714238,1.275827,0.0,0.0,1.2255521,1.9747609,1.979931,0.0
573,2.728577,0.8748715,0.0,0.0,2.518612,0.0,1.6355363,0.0,2.3078816,1.7356203,2.0067585,1.7021695,0.0,2.0984275,1.4865719,0.0,2.4184957,1.0007877,3.3925328,1.5703425,1.7519288,1.029989,1.6572824,1.438314,1.5328943,1.7628794,2.1402707,1.7753943,2.5850904,2.0452602,2.138326,1.1477864,1.9204417,1.5690446,0.0,0.0,1.6559167,1.9548974,2.1019895,0.0
574,2.858048,1.0348172,0.0,0.0,2.5169458,0.0,1.6612393,0.0,2.4540179,2.0411112,2.0274196,1.6944739,0.0,2.2853584,1.4204808,0.0,2.5132504,1.5539672,3.6888094,1.5823872,2.008043,0.9190898,1.8119776,1.3356755,1.4289877,1.9786056,2.4180412,1.7294657,2.4065845,2.218913,2.2958832,1.3170333,1.7140828,1.8589613,0.0,0.0,1.8515097,1.958565,2.161827,0.0
575,2.6544104,1.1219435,0.0,0.0,2.3532984,0.0,1.5775028,0.0,2.4184191,2.040815,1.8861356,1.5419141,0.0,2.352933,1.2684519,0.0,2.4256196,1.9016734,3.7195163,1.5782273,2.1612756,0.7818211,1.6897686,1.175378,1.1704241,1.9649982,2.5912786,1.5235342,2.310497,2.1677363,2.2599187,1.2370796,1.4583825,2.1018908,0.0,0.0,1.7646389,1.9887701,2.0776982,0.0
576,2.242519,1.165798,0.0,0.0,2.079777,0.0,1.4236007,0.0,2.2289267,1.7942353,1.6457098,1.2559947,0.0,2.2904782,1.1185932,0.0,2.1656277,2.023601,3.5220082,1.547104,2.173041,0.6871409,1.4184618,1.0015463,0.83628887,1.7887169,2.6727548,1.222389,2.2798564,1.9540052,2.080189,1.0139596,1.2485902,2.2887757,0.0,0.0,1.497894,2.0254257,1.8918777,0.0
577,1.8616642,1.2237389,0.0,0.0,1.7391808,0.0,1.2920996,0.0,1.9837487,1.4341271,1.4220222,0.96668077,0.0,2.1794143,1.1005685,0.0,1.8097112,1.9694273,3.1956332,1.5449063,2.1300097,0.7437839,1.1581969,0.9152061,0.57925045,1.6092137,2.61837,1.0044627,2.2861192,1.6517255,1.8556595,0.848218,1.1405115,2.4587414,0.0,0.0,1.2054607,2.0648305,1.6830629,0.0
578,1.5616809,1.2892536,0.0,0.0,1.3895,0.0,1.1530262,0.0,1.7273351,1.0104048,1.1769762,0.64934105,0.0,2.0356846,1.1907538,0.0,1.4251728,1.7740173,2.8118467,1.5406797,2.0159566,0.8529046,1.0008522,0.8859297,0.42042762,1.4613727,2.374401,0.85788274,2.2486584,1.267254,1.6359782,0.81043404,1.0802809,2.5553257,0.0,0.0,0.9833199,2.0507295,1.434977,0.0
579,1.3885229,1.3060839,0.0,0.0,1.1423985,0.0,1.0868393,0.0,1.5205852,0.6644103,0.94728464,0.30264577,0.0,1.8909614,1.330078,0.0,1.0233374,1.5314443,2.5445604,1.6006715,1.7980789,0.92192155,0.97956884,0.9281619,0.31590927,1.3662775,1.9855943,0.83469915,2.146973,0.94928294,1.4357879,0.92386097,0.9936494,2.51625,0.0,0.0,0.9240159,2.069901,1.1354196,0.0
580,1.3562815,1.348916,0.0,0.0,0.87623954,0.0,1.0256438,0.0,1.3167821,0.38523805,0.6880432,0.0,0.0,1.69169,1.4865416,0.0,0.66639555,1.2447491,2.3221102,1.6558974,1.493163,0.97037655,1.1351948,1.0209076,0.28350484,1.3569909,1.3542409,0.9523788,1.7964255,0.6177425,1.2315701,1.2028186,0.8458014,2.2496152,0.0,0.0,1.0334717,2.0111907,0.78952867,0.0
581,1.6035154,1.498541,0.0,0.0,0.69450754,0.0,1.085631,0.0,1.1977372,0.36639774,0.52299994,0.0,0.0,1.4694687,1.7629801,0.0,0.57168704,1.0326741,2.1376274,1.7482694,1.2493314,1.0473188,1.4904525,1.203864,0.4967553,1.5455465,0.6513662,1.3001882,1.2013146,0.44340092,1.1676147,1.8104639,0.69412464,1.8263752,0.0,0.0,1.416514,1.8104179,0.5290033,0.0
582,1.9786217,1.7046666,0.0,0.0,0.79016167,0.0,1.3547133,0.0,1.2748924,0.7692924,0.5550247,0.0,0.0,1.3711898,2.0787673,0.0,0.90707463,1.0121838,2.0794978,1.9172195,1.1874965,1.2291124,1.8909049,1.4668399,0.9177817,1.9055545,0.21937317,1.7638568,0.6742931,0.64388967,1.3282298,2.5164943,0.7077982,1.3695263,0.0,0.0,1.8973973,1.5302455,0.49605048,0.0
583,2.1670744,1.7904892,0.0,0.0,0.94845605,0.0,1.5278996,0.0,1.3890035,1.1652286,0.6358162,0.018078707,0.0,1.2814058,2.1817663,0.0,1.3026104,1.0195305,1.9783571,2.0232215,1.2065192,1.3272786,2.0301783,1.6171868,1.2283714,2.109477,0.08211619,2.0720224,0.3178175,0.936436,1.4387069,2.892956,0.70635724,0.96809626,0.0,0.0,2.1983652,1.2531079,0.5495487,0.0
584,2.2541544,1.8778332,0.0,0.0,1.1094179,0.0,1.6927309,0.0,1.5282166,1.4945538,0.7518175,0.32344982,0.0,1.2141379,2.2132478,0.0,1.6648897,1.0660025,1.926879,2.1305115,1.2813095,1.4474117,2.0402136,1.6517174,1.4307026,2.2547758,0.1295703,2.2199457,0.1856845,1.1856829,1.535857,3.0576289,0.7170906,0.74698323,0.0,0.0,2.378484,1.0744171,0.66073745,0.0
585,2.3134866,1.9936649,0.0,0.0,1.2375556,0.0,1.794165,0.0,1.6614634,1.7607026,0.84642416,0.58802295,0.0,1.1914146,2.226204,0.0,1.9736419,1.1088831,1.8763529,2.264808,1.4312358,1.574299,1.9435511,1.6675379,1.5332599,2.3722737,0.26240826,2.3090534,0.16668475,1.3828894,1.5911918,3.1689782,0.7489022,0.6695585,0.0,0.0,2.466127,0.92366785,0.77293974,0.0
586,2.2874873,2.0942965,0.0,0.0,1.2895452,0.0,1.8264632,0.0,1.7700881,1.9550973,0.9211702,0.79690945,0.0,1.1076424,2.1728146,0.0,2.173737,1.0921189,1.7534107,2.3803604,1.5993828,1.6967747,1.7389302,1.6177748,1.5532116,2.4412205,0.40300834,2.308425,0.20371532,1.491612,1.5631922,3.1966462,0.769644,0.6511863,0.0,0.0,2.46713,0.7394474,0.84461564,0.0
587,2.2141883,2.1959374,0.0,0.0,1.3287108,0.0,1.825775,0.0,1.9053545,2.1326592,0.9846991,1.0302687,0.0,0.98151356,2.1031802,0.0,2.2866366,1.0210774,1.5442828,2.5312235,1.7939717,1.8798542,1.4249523,1.559662,1.5276818,2.4784172,0.56045836,2.2693436,0.334843,1.5753939,1.4668273,3.165117,0.8389655,0.7188288,0.0,0.0,2.3732545,0.5674592,0.92296064,0.0
588,2.0527768,2.2714944,0.0,0.0,1.3764889,0.0,1.8078369,0.0,2.0481339,2.2916524,1.083388,1.3452377,0.0,0.74129474,2.0231326,0.0,2.2621243,0.9250243,1.2401592,2.7001998,1.989764,2.1113179,1.0589001,1.532886,1.5145699,2.4170048,0.78863984,2.173168,0.6220559,1.6433897,1.2844441,3.0401635,1.022857,0.91620076,0.0,0.0,2.1199074,0.45490295,1.0519719,0.0
589,1.7662799,2.2015557,0.0,0.0,1.4099414,0.0,1.722299,0.0,2.1104279,2.3709712,1.2826042,1.6789829,0.0,0.38417903,1.9197955,0.0,1.980418,0.7926121,0.8980757,2.7750645,2.086732,2.2880309,0.79785675,1.515362,1.5613319,2.2056267,1.0126115,1.998952,1.0479015,1.6956154,1.0557678,2.7830844,1.3588275,1.2505934,0.0,0.0,1.6654432,0.51746136,1.1885842,0.0
590,1.5923314,2.092746,0.0,0.0,1.5427601,0.0,1.703195,0.0,2.1434212,2.4094093,1.6267754,2.0022116,0.0,0.14164045,2.0153115,0.0,1.6777935,0.7901179,0.81499684,2.8240535,2.0638075,2.3968801,0.96689665,1.6537611,1.8837744,2.0081317,1.1687694,1.9379293,1.4892012,1.8328019,1.0333576,2.6463766,1.8353475,1.6544164,0.0,0.0,1.2409811,0.8769299,1.362792,0.0
591,1.6459503,1.9842789,0.0,0.0,1.6982777,0.0,1.7609535,0.0,2.1147938,2.5164232,1.9423202,2.1884868,0.0,0.058895163,2.2195535,0.0,1.4449085,0.9381703,0.9949602,2.8201702,1.903024,2.3785942,1.5524797,1.8845594,2.3691785,1.933323,1.1863602,2.0083668,1.6355566,2.0202203,1.2132124,2.7771254,2.1955216,1.9156736,0.0,0.0,1.0755377,1.3411556,1.450749,0.0
592,1.8241462,1.8816218,0.0,0.0,1.8197095,0.0,1.8067552,0.0,1.9964663,2.5552878,2.1106985,2.1834855,0.0,0.13029015,2.4159162,0.0,1.3709685,1.1446657,1.2851328,2.805103,1.6627955,2.2298539,2.225343,2.1063757,2.831281,1.9583063,1.0472692,2.1765692,1.4489183,2.2271206,1.4818361,3.0435238,2.2827797,1.885949,0.0,0.0,1.1976918,1.716302,1.3998955,0.0
593,1.9963782,1.8294129,0.0,0.0,1.8495519,0.0,1.8454787,0.0,1.8183159,2.512477,2.0710337,2.04945,0.0,0.32185704,2.5408294,0.0,1.440786,1.3352796,1.5587963,2.7115085,1.4309043,2.031905,2.726159,2.183146,3.0749617,2.0132458,0.8892971,2.2677543,1.0822256,2.3541021,1.7340901,3.2573469,2.158454,1.695027,0.0,0.0,1.4190915,1.886909,1.2452122,0.0
594,2.2038007,1.9006519,0.0,0.0,1.8994666,0.0,1.9414573,0.0,1.7281812,2.4872165,2.0112507,1.9778606,0.0,0.6477198,2.7067156,0.0,1.6886553,1.5543022,1.8379718,2.7083724,1.3553482,1.9422925,3.0573502,2.236135,3.1991136,2.1435416,0.90141433,2.3454816,0.82715595,2.497447,2.0030606,3.4464953,2.0527682,1.5610545,0.0,0.0,1.713582,1.9579067,1.1565616,0.0
595,2.4220731,2.0454676,0.0,0.0,1.984081,0.0,2.0785105,0.0,1.7017498,2.4714556,2.003217,2.011372,0.0,1.0290918,2.934238,0.0,2.0309594,1.7827337,2.0593462,2.782846,1.4038564,1.9972216,3.259208,2.286303,3.2691743,2.25814,1.0468942,2.40624,0.7259331,2.6430063,2.269363,3.6055088,2.0327153,1.511057,0.0,0.0,2.005238,1.9835799,1.1008166,0.0
596,2.630861,2.231169,0.0,0.0,2.0552301,0.0,2.1928658,0.0,1.6919087,2.4327648,2.011206,2.0893703,0.0,1.4344518,3.168435,0.0,2.3687832,1.9906101,2.220238,2.8684087,1.544929,2.132684,3.3337018,2.3177137,3.3216734,2.3188653,1.262876,2.3783312,0.72557724,2.759545,2.497161,3.6818366,2.09652,1.4830029,0.0,0.0,2.236089,1.9735578,1.0527142,0.0
597,2.8718686,2.4424691,0.0,0.0,2.1314762,0.0,2.3528936,0.0,1.6625669,2.339875,2.0551753,2.246324,0.0,1.9224889,3.468913,0.0,2.7225401,2.2033947,2.3521895,2.9568832,1.7924513,2.3905919,3.3200068,2.3507528,3.363002,2.299465,1.6229974,2.273086,0.902405,2.837122,2.6964872,3.6328316,2.3156686,1.5055689,0.0,0.0,2.4183655,1.9538213,1.012555,0.0
598,3.2271693,2.7842584,0.0,0.0,2.293999,0.0,2.6373806,0.0,1.7059131,2.209914,2.2582905,2.5655782,0.0,2.6648984,3.9272342,0.0,3.1935823,2.5044854,2.604175,3.107515,2.321806,2.8801277,3.156094,2.4582756,3.3463333,2.1642425,2.342579,2.0912938,1.5647238,2.8478525,2.915608,3.3642974,2.9291456,1.7037128,0.0,0.0,2.4673986,1.9837701,1.1540846,0.0
599,3.1758313,2.7968414,0.0,0.0,2.3030262,0.0,2.7133796,0.0,1.7278254,1.8381068,2.3220794,2.6805224,0.0,3.191251,3.9710376,0.0,3.2765808,2.5290854,2.7592099,2.9233394,2.8538094,3.1119232,2.4591885,2.4221714,2.7751179,1.653299,3.0855832,1.7026566,2.6237342,2.3808749,2.694483,2.3935094,3.5671108,1.9160415,0.0,0.0,1.9743594,1.9335716,1.521535,0.0
600,2.648888,2.308523,0.0,0.0,2.126258,0.0,2.4347725,0.0,1.6451323,1.4800149,2.1537979,2.374627,0.0,2.9888623,3.3703222,0.0,2.775747,2.1559289,2.686798,2.4577901,2.7990417,2.789866,1.6597586,2.1848307,1.9997966,1.1186079,3.1769235,1.3449452,3.13987,1.7247158,2.1132722,1.4173343,3.565149,1.8934382,0.0,0.0,1.2656562,1.8223904,1.8223046,0.0
601,2.3428776,1.9455475,0.0,0.0,2.0731425,0.0,2.239003,0.0,1.6530126,1.3639249,2.0499923,2.070294,0.0,2.6738122,2.9122467,0.0,2.3698087,1.862793,2.6965055,2.1719284,2.650475,2.4532115,1.3302248,2.09103,1.606815,0.90830266,3.0269792,1.2842728,3.3069472,1.3831521,1.732155,0.97898227,3.4387457,1.8308339,0.0,0.0,0.8904189,1.8042673,2.028957,0.0
602,2.1959555,1.7128253,0.0,0.0,2.0915794,0.0,2.1255455,0.0,1.6490802,1.3982713,2.0168495,1.8071002,0.0,2.4314272,2.619406,0.0,2.1319702,1.703243,2.833383,2.0694585,2.5346642,2.1611383,1.2479546,2.108838,1.4566969,0.89873266,2.8458362,1.3400649,3.3285892,1.2236665,1.4868861,0.81983757,3.3469362,1.7296553,0.0,0.0,0.6811818,1.847357,2.1823528,0.0
603,2.2376692,1.5427536,0.0,0.0,2.2021537,0.0,2.0459397,0.0,1.6604759,1.5644109,2.0546727,1.5583862,0.0,2.2581053,2.4284177,0.0,2.0071158,1.6045415,3.0947793,2.1007607,2.4669423,1.8984963,1.3296363,2.254026,1.4799625,1.0408026,2.6710835,1.4511429,3.2420423,1.2021245,1.3300745,0.8854247,3.242312,1.6122556,0.0,0.0,0.63138145,1.9022729,2.3477485,0.0
604,2.2878041,1.4196076,0.0,0.0,2.3313253,0.0,1.9347214,0.0,1.605533,1.8136913,2.0570128,1.2012616,0.0,2.061403,2.1583886,0.0,1.9524176,1.4620799,3.44068,2.194247,2.3513741,1.5373782,1.4653726,2.4227648,1.6141053,1.306282,2.405,1.5505785,2.9048736,1.3349546,1.2048885,1.1068516,3.0472994,1.3695976,0.0,0.0,0.6931429,1.9242904,2.4454472,0.0
605,2.2265706,1.3654445,0.0,0.0,2.37684,0.0,1.6691667,0.0,1.4195596,2.080788,1.9139372,0.7888246,0.0,1.7957859,1.7480565,0.0,2.0230541,1.1955705,3.6299448,2.3175442,2.089552,0.99308896,1.5823927,2.4809098,1.8307077,1.7128531,1.9374019,1.5877117,2.1069195,1.6946174,1.1307362,1.5551562,2.5685318,0.9696075,0.0,0.0,0.97728086,1.8018656,2.3706944,0.0
606,1.9511958,1.4482212,0.0,0.0,2.2128417,0.0,1.2731328,0.0,1.137461,2.1874235,1.6059841,0.66149485,0.0,1.4691442,1.3785129,0.0,2.2595532,0.83558536,3.2530394,2.4289668,1.6569406,0.5300421,1.6254783,2.2775934,1.996379,2.0784006,1.4107828,1.5104328,1.0165772,2.2176406,1.2403259,2.0684755,1.797776,0.7296114,0.0,0.0,1.4623612,1.4846568,1.948394,0.0
607,1.6569439,1.7690613,0.0,0.0,2.0133443,0.0,1.1263655,0.0,1.0665101,2.2003472,1.4691181,1.088349,0.0,1.4163568,1.3563112,0.0,2.6151597,0.7065877,2.6807761,2.582281,1.4707769,0.54056424,1.6146245,2.0353374,2.1688275,2.2461143,1.4026508,1.4954547,0.45599487,2.7670214,1.6375515,2.4898765,1.4377507,0.90666986,0.0,0.0,1.9236932,1.3288007,1.604478,0.0
608,1.3695042,2.0265014,0.0,0.0,1.835995,0.0,1.012806,0.0,1.0757478,2.050905,1.4336802,1.5618187,0.0,1.4717029,1.3936995,0.0,2.826013,0.65431166,2.1545794,2.603277,1.4268676,0.6875793,1.4899333,1.8067367,2.1945097,2.1709497,1.6268109,1.3789344,0.38039425,3.0529118,1.928562,2.459836,1.4541533,1.1833955,0.0,0.0,2.0710034,1.2185936,1.4461312,0.0
609,1.1360385,2.197513,0.0,0.0,1.6834984,0.0,0.9074215,0.0,1.1389972,1.8847489,1.4602429,2.0185,0.0,1.563349,1.4552652,0.0,2.8825715,0.6572622,1.760275,2.5307825,1.4604192,0.8672694,1.3704548,1.6397699,2.1725216,1.9127775,1.9515642,1.2547185,0.598407,3.2091331,2.1135693,2.1951373,1.7224977,1.4745299,0.0,0.0,2.0584927,1.1833956,1.4449904,0.0
610,0.9678995,2.253731,0.0,0.0,1.5667503,0.0,0.8901963,0.0,1.238313,1.7528887,1.517224,2.3840714,0.0,1.6024678,1.5127487,0.0,2.8131104,0.7068389,1.4708484,2.4052186,1.5101675,1.0568653,1.3005531,1.5554495,2.1529078,1.6092314,2.3114765,1.2104851,0.9489988,3.265263,2.235774,1.8427951,2.1221488,1.7228999,0.0,0.0,1.9353328,1.2073938,1.587407,0.0
611,0.8950677,2.2735274,0.0,0.0,1.5406237,0.0,0.9878868,0.0,1.4356496,1.7341423,1.5972756,2.7229905,0.0,1.6128119,1.6582929,0.0,2.7259905,0.8424055,1.3505929,2.3428526,1.6042062,1.2537367,1.3656473,1.594392,2.1355875,1.3558019,2.6575522,1.3319092,1.3744591,3.2994506,2.3183856,1.501131,2.617282,1.9300853,0.0,0.0,1.7642757,1.3195946,1.8713965,0.0
612,0.84494424,2.1497047,0.0,0.0,1.5099556,0.0,1.0640429,0.0,1.6271173,1.7241791,1.6716598,2.8825433,0.0,1.5621953,1.7720239,0.0,2.5039113,0.9646121,1.3103362,2.262245,1.650072,1.392034,1.4526205,1.642233,2.117707,1.121482,2.914357,1.5207294,1.7095131,3.193498,2.3038547,1.1644249,3.0308137,2.0245328,0.0,0.0,1.5495176,1.4435489,2.1261098,0.0
613,0.8285072,1.891103,0.0,0.0,1.4780016,0.0,1.1264467,0.0,1.8016436,1.6982127,1.69986,2.8855896,0.0,1.4207088,1.8346226,0.0,2.1721647,1.0364499,1.2772567,2.1904087,1.5979992,1.429268,1.5119233,1.6229215,2.0344627,0.95839715,2.9879417,1.7669019,1.8887161,3.017153,2.1763399,0.8675961,3.2328613,1.971327,0.0,0.0,1.3360541,1.5414261,2.3203156,0.0
614,0.8818873,1.5576174,0.0,0.0,1.4635917,0.0,1.1820158,0.0,2.0068984,1.6668537,1.6651467,2.7931166,0.0,1.2142999,1.9140399,0.0,1.7514925,1.1031864,1.247519,2.150298,1.5016001,1.3552464,1.5883374,1.5610511,1.9539913,0.91505194,2.9617684,2.0429637,1.9329747,2.7962506,1.9788873,0.68657666,3.2054358,1.8567885,0.0,0.0,1.1310384,1.6916667,2.4865165,0.0
615,0.97152835,1.1802378,0.0,0.0,1.4004161,0.0,1.1322275,0.0,2.1525302,1.5141705,1.5938445,2.5830817,0.0,1.0286081,1.9794449,0.0,1.3221259,1.1312237,1.1080354,2.0946739,1.3507215,1.2079827,1.5183833,1.4155626,1.7618413,0.9096519,2.7290504,2.2811515,1.7803861,2.4886105,1.6511374,0.66743946,2.8470144,1.6631734,0.0,0.0,0.9654253,1.8260167,2.483314,0.0
616,1.1247559,0.8617755,0.0,0.0,1.3398986,0.0,1.0514529,0.0,2.293869,1.2530206,1.5355614,2.3431268,0.0,0.92444986,2.154572,0.0,0.9518997,1.1196392,0.846022,2.023492,1.2262897,1.0645894,1.3027384,1.1298716,1.5186112,1.0165148,2.3851264,2.422711,1.5688218,2.108253,1.3135053,0.8442041,2.173124,1.5266446,0.0,0.0,0.87403524,1.9910321,2.343668,0.0
617,1.3415636,0.71856797,0.0,0.0,1.3017181,0.0,0.9677613,0.0,2.3701472,0.9297894,1.529878,2.1709595,0.0,0.9571878,2.3838701,0.0,0.8163842,1.1112578,0.5655228,1.9560032,1.2042907,1.0216329,0.97930664,0.838525,1.2741803,1.1367341,1.991333,2.3754368,1.3793494,1.7049956,1.0668205,1.1745944,1.3931788,1.5414424,0.0,0.0,0.89492524,2.1705065,2.0363247,0.0
618,1.5128534,0.7620683,0.0,0.0,1.2437975,0.0,0.9165215,0.0,2.2942295,0.62541026,1.5540193,2.1108184,0.0,1.1032314,2.55542,0.0,0.8724846,1.146091,0.35229835,1.8167565,1.274521,1.0612284,0.6749549,0.5654709,1.077953,1.1748533,1.6984873,2.1257505,1.3656312,1.3870052,0.96375495,1.4855237,0.80390936,1.7240876,0.0,0.0,0.9994607,2.3154867,1.691268,0.0
619,1.6744852,0.9366711,0.0,0.0,1.2427278,0.0,0.9507979,0.0,2.1964188,0.46946543,1.6310893,2.1833086,0.0,1.3088906,2.7142546,0.0,1.0644759,1.2274368,0.31526032,1.6889915,1.4254488,1.1793927,0.5852822,0.44351074,1.0265828,1.1375108,1.6007223,1.8686017,1.5397308,1.2027304,1.0436643,1.706419,0.60747397,2.027884,0.0,0.0,1.1186851,2.45039,1.473786,0.0
620,1.7392124,1.0802622,0.0,0.0,1.2299501,0.0,0.99518764,0.0,2.0994673,0.38920552,1.6939918,2.2773473,0.0,1.4501723,2.7627506,0.0,1.2276678,1.3528099,0.35448858,1.5036372,1.5617007,1.2675823,0.67622113,0.40050945,1.0403918,1.0008806,1.5701025,1.6404723,1.7865096,1.0812305,1.1740046,1.7199438,0.66862655,2.3190722,0.0,0.0,1.1773982,2.542697,1.3864926,0.0
621,1.8108997,1.2235711,0.0,0.0,1.2593181,0.0,1.1012067,0.0,2.0492065,0.46458977,1.8000101,2.3891525,0.0,1.5802569,2.8020139,0.0,1.439968,1.5799105,0.5152197,1.3918293,1.6471092,1.3553818,0.9521762,0.4548871,1.1404124,0.8445158,1.6293225,1.491495,2.074015,1.0482357,1.3972285,1.6979055,0.912224,2.5493603,0.0,0.0,1.2159623,2.7146258,1.4419078,0.0
622,1.8488336,1.2905225,0.0,0.0,1.2814443,0.0,1.2490604,0.0,2.0124738,0.61822337,1.8972191,2.4198256,0.0,1.6440649,2.778261,0.0,1.6109791,1.8682228,0.72897947,1.3044581,1.646856,1.4027272,1.3453851,0.5469537,1.2759999,0.69088435,1.6857488,1.4100163,2.3303857,1.013669,1.6169394,1.6279819,1.2078182,2.694508,0.0,0.0,1.2037305,2.90277,1.5763752,0.0
623,1.8285635,1.2287863,0.0,0.0,1.2895174,0.0,1.4027163,0.0,1.8949908,0.8279361,1.9097697,2.2935095,0.0,1.6241632,2.6342897,0.0,1.7307456,2.2321033,0.98549366,1.2412307,1.4956149,1.3464439,1.830826,0.6397803,1.366474,0.53678095,1.6330086,1.3353521,2.4696314,0.9211865,1.7884365,1.464253,1.4374197,2.6664562,0.0,0.0,1.096159,3.0552993,1.7302884,0.0
624,1.7884603,1.1316736,0.0,0.0,1.3610988,0.0,1.6720856,0.0,1.7168192,1.147709,1.8257188,2.0310886,0.0,1.5895395,2.4206963,0.0,1.8852065,2.6830776,1.3895123,1.3444152,1.2368208,1.2426957,2.3823664,0.8159101,1.4399766,0.49074176,1.5159724,1.3791896,2.4709356,0.83881396,1.9584651,1.3516142,1.597489,2.4740384,0.0,0.0,0.93858933,3.1396823,1.8888309,0.0
625,1.8336813,1.1836433,0.0,0.0,1.6546099,0.0,2.0474064,0.0,1.6067042,1.6351211,1.7774061,1.758092,0.0,1.6851882,2.3127265,0.0,2.239457,3.176975,2.034432,1.7959133,1.0167656,1.3211894,2.857536,1.1864458,1.6260781,0.7076563,1.396453,1.5808787,2.3741834,0.9267002,2.1400473,1.5018699,1.7628193,2.1521752,0.0,0.0,0.83887064,3.143244,2.118631,0.0
626,1.7489151,1.2611783,0.0,0.0,1.948221,0.0,2.3271036,0.0,1.3696638,1.8548769,1.6348668,1.4183657,0.0,1.7578161,2.1653268,0.0,2.554908,3.2724864,2.482725,2.2528374,0.7599785,1.4300095,2.8307688,1.4668611,1.6553464,1.0899546,1.1293342,1.7339028,2.0447025,0.93736523,2.1375542,1.7587156,1.6269107,1.6973541,0.0,0.0,0.7184898,2.8163571,2.0879574,0.0
627,1.4969641,1.3160743,0.0,0.0,2.0640519,0.0,2.3042278,0.0,1.0182221,1.713379,1.4044766,1.1096352,0.0,1.762374,1.9461154,0.0,2.6173358,2.953662,2.5315602,2.4543574,0.49993822,1.506299,2.293498,1.496424,1.4674668,1.3450701,0.80145603,1.6909877,1.6145915,0.83833945,1.8825016,1.9510026,1.2548605,1.2329108,0.0,0.0,0.57616293,2.2534132,1.7779108,0.0
628,1.2420384,1.4771876,0.0,0.0,2.1236467,0.0,2.151128,0.0,0.71564615,1.4159437,1.2575135,0.96569335,0.0,1.8346367,1.8400754,0.0,2.599809,2.4587045,2.4071267,2.45868,0.35622123,1.6029687,1.5263362,1.4362843,1.2627369,1.480708,0.56240875,1.5461824,1.2921643,0.72373486,1.5804616,2.1497009,0.9167053,0.9489768,0.0,0.0,0.48269048,1.7029017,1.3568815,0.0
629,1.123982,1.7187428,0.0,0.0,2.2052608,0.0,1.9807667,0.0,0.56993794,1.1526152,1.2874361,1.0744396,0.0,1.9699416,1.8622451,0.0,2.5797617,1.990058,2.3180227,2.3664656,0.44593802,1.7350596,0.8309899,1.3621739,1.1204576,1.5827321,0.5383982,1.4189943,1.1985583,0.66918,1.3806185,2.3667555,0.7886861,0.90872777,0.0,0.0,0.47732306,1.3509843,1.0565192,0.0
630,1.0309879,1.9494382,0.0,0.0,2.1752617,0.0,1.6949363,0.0,0.49772298,0.862042,1.3357099,1.2211715,0.0,2.092599,1.8324585,0.0,2.4714692,1.5298432,2.1927676,2.0282216,0.6176167,1.7936163,0.21911684,1.2401853,0.996492,1.5207472,0.57305974,1.2614623,1.172808,0.607642,1.1884835,2.5216575,0.7944413,0.9578084,0.0,0.0,0.49552312,1.065626,0.7805417,0.0
631,1.0214584,2.2041218,0.0,0.0,2.1777089,0.0,1.4069968,0.0,0.5426068,0.6901037,1.4491738,1.422337,0.0,2.2411783,1.8483715,0.0,2.3811529,1.2334307,2.2293234,1.6060483,0.9175826,1.823215,0.0,1.1179316,0.9891522,1.4392079,0.75876445,1.1609634,1.2747637,0.6547906,1.1704646,2.607624,0.949781,1.1044345,0.0,0.0,0.61045665,0.8741528,0.61414117,0.0
632,1.1151302,2.4492013,0.0,0.0,2.1799011,0.0,1.1533731,0.0,0.73922193,0.71118057,1.5803245,1.6278291,0.0,2.401088,1.8461763,0.0,2.3162992,1.1934576,2.4818065,1.1743903,1.3728713,1.8128309,0.0,1.0854917,1.1153573,1.3757181,1.0910528,1.2109513,1.4858555,0.84094644,1.343403,2.6858428,1.2759737,1.3044327,0.0,0.0,0.81651604,0.767809,0.5926963,0.0
633,1.2720973,2.5999453,0.0,0.0,2.149963,0.0,0.86796546,0.0,1.1229093,0.9779406,1.7160882,1.7704419,0.0,2.4954274,1.7244563,0.0,2.276409,1.3297765,2.9031355,0.71584684,1.9467908,1.6941177,0.30484593,1.069886,1.3770403,1.431836,1.5581783,1.3964684,1.747868,1.2044722,1.7080652,2.630257,1.7195424,1.5267836,0.0,0.0,1.1740842,0.7403161,0.73609155,0.0
634,1.4550686,2.4830587,0.0,0.0,2.0696712,0.0,0.76479524,0.0,1.6037748,1.399859,1.6791689,1.764633,0.0,2.4344168,1.5400347,0.0,2.3426962,1.5878484,3.2806356,0.50038713,2.4110386,1.4535846,1.1489856,1.1330359,1.6388074,1.6078122,2.0138824,1.7000419,1.9575204,1.6751987,2.1455655,2.3437803,2.0892394,1.6894559,0.0,0.0,1.5349033,0.83586603,1.036327,0.0
635,1.699734,2.233885,0.0,0.0,2.0458064,0.0,0.97620106,0.0,2.0400078,1.8852031,1.6102242,1.7652618,0.0,2.3029244,1.493356,0.0,2.4957922,1.9312941,3.5210109,0.74707067,2.681829,1.3027656,2.0628357,1.2945886,1.8740519,1.858759,2.4160385,2.0587528,2.1441238,2.1800656,2.5604734,2.0710855,2.3041182,1.8111985,0.0,0.0,1.8945763,1.1008059,1.4349102,0.0
636,1.7305863,1.8634024,0.0,0.0,1.9619968,0.0,1.1822385,0.0,2.2121103,2.139987,1.4671892,1.6835989,0.0,2.0866954,1.4314992,0.0,2.6246984,2.0922077,3.4652557,1.1233226,2.6732512,1.1764907,2.6069272,1.3918334,1.8292702,2.025077,2.5883605,2.243098,2.2184594,2.4129398,2.717808,1.7360499,2.2320664,1.8116732,0.0,0.0,2.012203,1.2686282,1.6529511,0.0
637,1.648959,1.5548407,0.0,0.0,1.8752375,0.0,1.3400064,0.0,2.223519,2.1906834,1.2934929,1.5836107,0.0,1.9122462,1.3389515,0.0,2.7087872,2.1029792,3.2841496,1.4696075,2.5623407,1.0784143,2.8060749,1.419737,1.6675617,2.1024363,2.6288502,2.283522,2.2735407,2.4489872,2.7408893,1.4219117,2.021586,1.7440108,0.0,0.0,1.9802963,1.3578184,1.748071,0.0
638,1.4799657,1.2736908,0.0,0.0,1.8111813,0.0,1.4992173,0.0,2.1185472,2.0872335,1.1027567,1.5110883,0.0,1.7406247,1.2585042,0.0,2.8141756,1.9846125,2.9970922,1.8303509,2.3861418,1.0243183,2.760311,1.4392569,1.3662823,2.1024468,2.6116366,2.2462897,2.3780928,2.3327594,2.6685479,1.1033897,1.7028071,1.6637496,0.0,0.0,1.7846451,1.3985951,1.7437128,0.0
639,1.169008,0.9730093,0.0,0.0,1.6822839,0.0,1.7257468,0.0,1.8492073,1.7663888,0.92672545,1.4946419,0.0,1.4863775,1.2006061,0.0,2.8277707,1.6838229,2.508593,2.1566348,2.1248946,1.0265058,2.4089563,1.4389554,0.91404617,1.935115,2.498749,2.082212,2.5612478,1.9688773,2.4420009,0.7436023,1.2521774,1.5716994,0.0,0.0,1.3643165,1.36816,1.6369729,0.0
640,0.7453253,0.7060951,0.0,0.0,1.4641417,0.0,2.0205207,0.0,1.3473603,1.1301548,0.8096882,1.494538,0.0,1.0801965,1.2691388,0.0,2.5343413,1.0911281,1.6848781,2.3982263,1.6516466,1.0935677,1.6032152,1.4166377,0.3387574,1.5155767,2.1388578,1.7012774,2.7155006,1.2529093,1.9217699,0.43309274,0.6919661,1.4145606,0.0,0.0,0.651778,1.257837,1.360588,0.0
641,0.7057159,0.8644348,0.0,0.0,1.4143705,0.0,2.428686,0.0,0.9846071,0.68065566,1.0042107,1.7792736,0.0,0.85239774,1.7977439,0.0,2.1588516,0.5707357,1.0908952,2.5000625,1.2455703,1.4628408,0.87329245,1.5541698,0.26142263,1.1103116,1.6821814,1.4524845,2.7378185,0.6186176,1.4673047,0.6983428,0.5507345,1.4727846,0.0,0.0,0.10865699,1.3276865,1.188418,0.0
642,0.82702106,1.080405,0.0,0.0,1.3897202,0.0,2.640031,0.0,0.8115702,0.4686696,1.2235626,1.9180729,0.0,0.7325683,2.2399414,0.0,1.721704,0.29478347,0.79487014,2.3173351,0.9528845,1.7232316,0.47523093,1.6745149,0.41891247,0.78821146,1.2515695,1.3161256,2.4920547,0.27748233,1.1164227,1.0973692,0.64803994,1.4621599,0.0,0.0,0.0,1.3794914,1.0417274,0.0
643,1.0677639,1.2977059,0.0,0.0,1.5036285,0.0,2.851148,0.0,0.8110851,0.54645175,1.4293352,2.0294237,0.0,0.7316471,2.6826591,0.0,1.4797223,0.31272712,0.86383677,2.1807497,0.8579043,1.9482102,0.4700263,1.8411255,0.6783155,0.69643503,1.0063561,1.3762553,2.2842858,0.25387686,1.0633932,1.5108924,0.87819266,1.5125549,0.0,0.0,0.0,1.4459441,1.0208665,0.0
644,1.3628013,1.4511261,0.0,0.0,1.6735592,0.0,3.049038,0.0,0.9107155,0.71195084,1.5764273,2.0548518,0.0,0.7912736,3.013483,0.0,1.3014323,0.501868,1.0496212,2.0295725,0.88141507,2.0875604,0.6466742,1.9992675,0.9487013,0.7332232,0.8620518,1.5204762,2.088085,0.3795824,1.1199812,1.866684,1.0558307,1.5600797,0.0,0.0,0.16725603,1.4755142,1.079131,0.0
645,1.6609373,1.5687871,0.0,0.0,1.7998306,0.0,3.255338,0.0,1.0469128,0.9668533,1.6498438,1.9640905,0.0,0.8694207,3.3134685,0.0,1.231446,0.7790966,1.2902573,1.8692589,0.91303366,2.1565154,0.97040087,2.177841,1.1561302,0.8896451,0.7325028,1.6880839,1.8369297,0.6024558,1.2395108,2.150271,1.2091385,1.5466071,0.0,0.0,0.4401309,1.4772323,1.1420046,0.0
646,1.8765118,1.6228452,0.0,0.0,1.8944411,0.0,3.4581316,0.0,1.1914988,1.2474506,1.6099099,1.7685848,0.0,1.000506,3.546519,0.0,1.279605,1.157681,1.5969228,1.7544174,0.94974977,2.1742015,1.4040725,2.369895,1.3085635,1.1274707,0.6371377,1.8715974,1.5320204,0.93586636,1.4175235,2.328676,1.3533463,1.4727591,0.0,0.0,0.796608,1.4652555,1.2271527,0.0
647,1.9260275,1.5331626,0.0,0.0,1.8827645,0.0,3.3865182,0.0,1.2829183,1.3990054,1.3925215,1.4300898,0.0,1.1933936,3.5105138,0.0,1.3502634,1.5342603,1.7857187,1.5594555,0.9524253,2.02361,1.7649302,2.3566518,1.2984225,1.4012429,0.5319083,1.9332091,1.1192558,1.2765228,1.4883217,2.2938538,1.3258933,1.3027807,0.0,0.0,1.2316148,1.3220634,1.2306914,0.0
648,1.8950505,1.4885321,0.0,0.0,1.8697222,0.0,3.208017,0.0,1.3952346,1.5175571,1.1675057,1.1631056,0.0,1.5472714,3.4159827,0.0,1.6292541,1.9633429,1.9576733,1.4844162,1.0213869,1.8760806,2.0896282,2.2871745,1.2381567,1.7275797,0.59853363,1.9668899,0.7995019,1.6998279,1.595898,2.22374,1.3293787,1.2116646,0.0,0.0,1.7211392,1.1956686,1.2880222,0.0
649,1.8251965,1.5308151,0.0,0.0,1.8793567,0.0,3.01694,0.0,1.4801059,1.5532757,1.0208712,1.076848,0.0,1.9801166,3.3261542,0.0,2.0295887,2.3282933,2.048594,1.5086572,1.1296228,1.8073096,2.3054352,2.2236123,1.1792737,2.0037088,0.792013,1.9471484,0.68272686,2.0765033,1.6928366,2.192821,1.391602,1.2243679,0.0,0.0,2.1583092,1.1627464,1.3615509,0.0
650,1.7083737,1.6310288,0.0,0.0,1.899369,0.0,2.8473656,0.0,1.5303649,1.4784663,0.92682564,1.1115322,0.0,2.3907673,3.2527633,0.0,2.4220824,2.5888488,2.066988,1.586301,1.2193607,1.7918738,2.39416,2.1571312,1.1004586,2.1879375,1.0014341,1.8688778,0.7057961,2.313769,1.7584249,2.1677852,1.4648519,1.3134513,0.0,0.0,2.4222407,1.1678241,1.409261,0.0
651,1.6561029,1.8148395,0.0,0.0,1.9810404,0.0,2.7786143,0.0,1.572451,1.4167888,0.9328699,1.289777,0.0,2.7892368,3.269081,0.0,2.802909,2.843706,2.10979,1.7270466,1.3434422,1.8820705,2.439049,2.2028022,1.0875672,2.2595754,1.276072,1.8816434,0.8578634,2.485675,1.8382932,2.2459178,1.6372703,1.4707657,0.0,0.0,2.5818868,1.2272382,1.489304,0.0
652,1.5853106,1.9648461,0.0,0.0,2.0313787,0.0,2.7094636,0.0,1.5606109,1.2892815,0.9296851,1.4448025,0.0,3.043637,3.2521033,0.0,3.0013433,3.0247622,2.0990071,1.8063859,1.396286,1.9412268,2.4136963,2.2543464,1.0782591,2.1810312,1.4792266,1.880756,1.0198603,2.506654,1.8579708,2.3039439,1.8023952,1.5818493,0.0,0.0,2.5833092,1.2478933,1.529893,0.0
653,1.5483266,2.0799015,0.0,0.0,2.0809302,0.0,2.6773283,0.0,1.5589368,1.1594864,0.9050089,1.5406946,0.0,3.1438668,3.2018642,0.0,3.0033963,3.174188,2.1149988,1.8497479,1.4147273,1.9445112,2.3934917,2.3276744,1.1149577,2.0191324,1.6291053,1.935172,1.1844467,2.446643,1.8900377,2.3461456,1.9710151,1.6461037,0.0,0.0,2.4930868,1.2323889,1.5601029,0.0
654,1.5754024,2.1583695,0.0,0.0,2.1788485,0.0,2.728151,0.0,1.663575,1.0797282,0.8623676,1.5180517,0.0,3.0617893,3.1081147,0.0,2.7942731,3.2988105,2.2441673,1.8937352,1.4280204,1.8863258,2.4354384,2.4143388,1.27961,1.8558351,1.7549548,2.1242337,1.3656033,2.3855338,2.0197861,2.3326457,2.1626117,1.6558564,0.0,0.0,2.3954906,1.1912372,1.6004776,0.0
655,1.7406735,2.1044402,0.0,0.0,2.2634702,0.0,2.6783466,0.0,1.868768,1.0756793,0.7205004,1.2688065,0.0,2.6990523,2.8077583,0.0,2.2448206,3.2807019,2.5178642,1.9533224,1.4823097,1.5920628,2.5352201,2.450572,1.5147561,1.7612811,1.8097749,2.430037,1.5209838,2.3174016,2.2080984,2.201164,2.3422472,1.589292,0.0,0.0,2.2411618,1.1396486,1.6555367,0.0
656,1.9778093,1.863908,0.0,0.0,2.2383163,0.0,2.415337,0.0,2.1872642,1.2079741,0.62947387,0.8032497,0.0,1.9476126,2.1947596,0.0,1.438395,2.8117526,2.8010879,2.024126,1.6064276,1.1463012,2.496312,2.279632,1.8507345,1.7980658,1.798946,2.7118664,1.6412113,2.2411377,2.3837006,1.830298,2.354339,1.4063491,0.0,0.0,2.0321152,1.1780094,1.72876,0.0
657,2.1921031,1.5594735,0.0,0.0,2.1843543,0.0,2.1238217,0.0,2.4473486,1.5274311,0.778524,0.5422591,0.0,1.2742426,1.6696544,0.0,0.94665074,2.0729253,2.9974685,2.1756673,1.8327907,0.8306431,2.3105214,1.9493749,2.1141605,2.00484,1.7905818,2.7540057,1.7363955,2.1935675,2.4596446,1.4398065,2.254238,1.3141712,0.0,0.0,1.8658127,1.3707983,1.8008358,0.0
658,2.3335788,1.4485502,0.0,0.0,2.1274915,0.0,1.8749083,0.0,2.62743,1.7979833,1.0314928,0.5636541,0.0,0.9553008,1.4301797,0.0,0.8892941,1.4656905,3.068009,2.372887,2.0496318,0.7855703,2.1219103,1.6921576,2.3068228,2.2559316,1.8284588,2.66788,1.853911,2.214427,2.4440932,1.2821813,2.1828642,1.3522297,0.0,0.0,1.8234612,1.6287093,1.8684441,0.0
659,2.3354576,1.394777,0.0,0.0,1.9895041,0.0,1.6349133,0.0,2.628087,1.9205152,1.2153813,0.59969836,0.0,0.7845227,1.250431,0.0,0.90884316,0.9636698,2.9760053,2.4468539,2.1172414,0.7984775,1.9163759,1.4825068,2.3635974,2.3848839,1.7727387,2.4574637,1.8591584,2.184189,2.2786436,1.1857803,2.0865757,1.3731612,0.0,0.0,1.774688,1.7894034,1.8328245,0.0
660,2.35322,1.4757429,0.0,0.0,1.8754392,0.0,1.490766,0.0,2.6030061,2.049229,1.4134808,0.7315433,0.0,0.75735635,1.1670223,0.0,1.0464306,0.5978183,2.8982153,2.516824,2.1893096,0.91465443,1.7807398,1.3677137,2.448191,2.4924905,1.7425387,2.2455633,1.8701056,2.1877174,2.1202233,1.2308958,2.1173506,1.4292486,0.0,0.0,1.7671219,1.9718287,1.8283008,0.0
661,2.3903112,1.635974,0.0,0.0,1.7938309,0.0,1.4216183,0.0,2.5612504,2.2020092,1.6734289,0.98273045,0.0,0.81767935,1.1804293,0.0,1.2868161,0.3358975,2.889588,2.6484587,2.278015,1.1466962,1.7205489,1.3499941,2.5999455,2.5751007,1.7539091,2.0488906,1.8873278,2.216541,2.008587,1.430737,2.2108529,1.5548798,0.0,0.0,1.8029428,2.1621895,1.8130555,0.0
662,2.355821,1.8158547,0.0,0.0,1.6230574,0.0,1.3276639,0.0,2.3997169,2.333956,1.9060851,1.2920907,0.0,0.8626725,1.1755899,0.0,1.5902374,0.08066102,2.8222587,2.734778,2.305095,1.4252747,1.6519868,1.3522425,2.7247095,2.5430956,1.6911306,1.8040469,1.8125972,2.1585603,1.8298576,1.7014499,2.315185,1.6139873,0.0,0.0,1.7680317,2.3109074,1.723497,0.0
663,2.2633584,1.975979,0.0,0.0,1.3906317,0.0,1.1923655,0.0,2.0626638,2.41066,2.072944,1.645609,0.0,0.8944736,1.142068,0.0,1.9262693,0.0,2.680875,2.7490695,2.2503657,1.7298828,1.5965242,1.3777386,2.7795067,2.341428,1.5569478,1.535546,1.642742,2.0073907,1.6218663,2.0324786,2.4366703,1.620772,0.0,0.0,1.6373482,2.3811815,1.5667943,0.0
664,2.2166796,2.2299464,0.0,0.0,1.3341494,0.0,1.273466,0.0,1.7483808,2.6199853,2.2648423,2.248891,0.0,1.0995541,1.3496994,0.0,2.5020707,0.0,2.6752832,2.8773901,2.2288823,2.213362,1.7002318,1.5512483,2.8724644,2.0658002,1.559276,1.4269785,1.5444978,1.9404495,1.5875343,2.5918326,2.674022,1.6857512,0.0,0.0,1.598802,2.4550264,1.4513005,0.0
665,2.0740764,2.2903142,0.0,0.0,1.2643416,0.0,1.2713805,0.0,1.3602606,2.6602223,2.2310464,2.696576,0.0,1.2511191,1.5243347,0.0,2.9507306,0.15839827,2.5281448,2.8593495,2.0889375,2.5119593,1.7693589,1.6575136,2.7273114,1.649426,1.498747,1.3571879,1.35558,1.7804602,1.5641806,2.9796076,2.7752502,1.6191304,0.0,0.0,1.4818232,2.3434534,1.2750351,0.0
666,1.9111878,2.1522725,0.0,0.0,1.264054,0.0,1.2456449,0.0,1.0261859,2.6080568,2.058984,2.9872117,0.0,1.3683403,1.610026,0.0,3.2458265,0.40042087,2.351605,2.7450705,1.9266837,2.6230197,1.7837648,1.6834288,2.459702,1.2585155,1.4855858,1.3388829,1.2154542,1.6304303,1.6072985,3.0744202,2.7889268,1.4610664,0.0,0.0,1.379385,2.1278694,1.1319178,0.0
667,1.8259342,1.9223824,0.0,0.0,1.4009422,0.0,1.2312438,0.0,0.861715,2.553518,1.8695021,3.1720457,0.0,1.5097952,1.6741129,0.0,3.4778082,0.6593161,2.266992,2.6778564,1.8381798,2.6204107,1.8106241,1.688144,2.1714942,1.0368558,1.5944538,1.4189713,1.226107,1.5958971,1.7570397,2.9425125,2.827946,1.3351182,0.0,0.0,1.3517586,1.9498408,1.1295117,0.0
668,1.8268144,1.6080176,0.0,0.0,1.639628,0.0,1.1718862,0.0,0.8749605,2.499162,1.7072525,3.2605164,0.0,1.6580461,1.7026252,0.0,3.6112838,0.88991743,2.2563632,2.623914,1.8747693,2.4875464,1.7844446,1.6318946,1.8686494,0.9836356,1.8297374,1.5660648,1.362553,1.6457418,1.9822907,2.6062436,2.8611703,1.2689644,0.0,0.0,1.4096953,1.8298321,1.2375038,0.0
669,1.817469,1.1607177,0.0,0.0,1.8868184,0.0,1.0388337,0.0,1.0534017,2.3417923,1.5188297,3.1232107,0.0,1.7710944,1.6368402,0.0,3.5610082,1.0076197,2.233535,2.500587,1.9525932,2.1616497,1.6519465,1.5219057,1.4786521,1.0577742,2.115369,1.7072265,1.587982,1.7062191,2.1297526,2.0146675,2.812413,1.2247757,0.0,0.0,1.4632827,1.8045596,1.4474329,0.0
670,1.83751,0.7224479,0.0,0.0,2.1262887,0.0,0.88102376,0.0,1.4528657,2.1105483,1.4100593,2.7806158,0.0,1.9036428,1.5659344,0.0,3.3103783,1.0895274,2.2557092,2.3501427,2.0692034,1.7526342,1.4611876,1.4508089,1.1052388,1.2764119,2.4126213,1.8550667,1.9292233,1.8180786,2.1783197,1.3227866,2.6586268,1.2699772,0.0,0.0,1.521687,1.9394243,1.7834343,0.0
671,1.854853,0.45459616,0.0,0.0,2.2239945,0.0,0.81308484,0.0,1.9604577,1.8660941,1.4529862,2.3316207,0.0,1.996338,1.5599707,0.0,2.8429954,1.1229286,2.2964873,2.1512141,2.157496,1.3607272,1.2643461,1.3984809,0.8816532,1.5362537,2.5975924,1.8841977,2.2745116,1.9022856,2.057492,0.756666,2.3770952,1.434663,0.0,0.0,1.4905336,2.2129374,2.1209166,0.0
672,2.0243604,0.5333729,0.0,0.0,2.2756042,0.0,0.9539374,0.0,2.4829288,1.7918541,1.6796448,2.0707567,0.0,2.0693524,1.8200862,0.0,2.4370568,1.2088952,2.441869,2.08483,2.294383,1.1914152,1.2075877,1.4967984,0.9991785,1.9065049,2.7813883,1.8694615,2.6787004,2.0620842,1.9355379,0.6473767,2.1652625,1.8875409,0.0,0.0,1.4644067,2.5397668,2.4887965,0.0
673,2.1656902,0.7392006,0.0,0.0,2.139076,0.0,1.1547548,0.0,2.847337,1.7473912,2.0000439,1.8774841,0.0,2.1438136,2.086568,0.0,2.018366,1.3674426,2.5350664,1.9790148,2.2748284,1.2304113,1.2048144,1.647189,1.2101427,2.1119514,2.723774,1.7451572,2.8685162,2.0930753,1.7037816,0.8549723,1.8542992,2.2882662,0.0,0.0,1.3193715,2.8718512,2.6664684,0.0
674,2.1642869,0.9902292,0.0,0.0,1.7665439,0.0,1.2947931,0.0,2.933349,1.6876802,2.2362356,1.727996,0.0,2.1022875,2.2779093,0.0,1.5817146,1.5390468,2.491477,1.7809353,2.0359383,1.3660301,1.2121274,1.7330735,1.4586005,2.072388,2.4209945,1.5018154,2.760103,1.986802,1.3694623,1.2771039,1.4313755,2.551896,0.0,0.0,1.0786699,2.9912128,2.5917683,0.0
675,1.9814458,1.1839015,0.0,0.0,1.2406327,0.0,1.314095,0.0,2.659637,1.5416147,2.274631,1.580008,0.0,1.9214082,2.3344786,0.0,1.154361,1.6553159,2.2156012,1.5042673,1.5628586,1.5451771,1.184727,1.7040341,1.6516095,1.7817233,1.8563569,1.1567228,2.333983,1.7320534,1.0136753,1.8068957,0.917668,2.5768597,0.0,0.0,0.75843096,2.7816782,2.1889882,0.0
676,1.9464085,1.5872682,0.0,0.0,1.0045516,0.0,1.5121878,0.0,2.3829226,1.6204493,2.3190026,1.7753559,0.0,1.9175527,2.6135728,0.0,1.2086995,1.9198383,2.0876625,1.5380172,1.2595108,1.964508,1.4277208,1.8363667,2.0199332,1.5894903,1.4720535,1.10973,2.0071757,1.7092706,1.0430692,2.5711782,0.7503061,2.6222959,0.0,0.0,0.68119603,2.536768,1.8487847,0.0
677,1.8632606,1.8526974,0.0,0.0,0.8786959,0.0,1.6167687,0.0,1.9985527,1.64483,2.1873934,1.9682584,0.0,1.859351,2.756119,0.0,1.3424371,2.1063673,1.8709357,1.6003017,0.9758612,2.2715304,1.6334529,1.8553412,2.2292383,1.3727392,1.1556822,1.131725,1.6743064,1.7023196,1.1659989,3.1005104,0.66371727,2.4951348,0.0,0.0,0.6549819,2.1392798,1.4728023,0.0
678,1.7285283,1.9582664,0.0,0.0,0.8528569,0.0,1.5762728,0.0,1.626175,1.5693591,1.9305925,2.0992548,0.0,1.7860181,2.7989357,0.0,1.4783622,2.207097,1.5654712,1.6426325,0.7424975,2.4100335,1.7527092,1.7645036,2.2644827,1.2104725,0.91930777,1.1393582,1.4213661,1.6922523,1.3306448,3.3389676,0.61554533,2.3016143,0.0,0.0,0.649992,1.6731421,1.1384528,0.0
679,1.5626385,1.9304918,0.0,0.0,0.8957565,0.0,1.423038,0.0,1.3130652,1.4121652,1.6314008,2.164197,0.0,1.7091813,2.761624,0.0,1.6159232,2.2534235,1.2061028,1.6375467,0.5786502,2.4289181,1.7878482,1.6058669,2.17128,1.0866674,0.7693418,1.1276038,1.2729919,1.6961659,1.5008396,3.3358479,0.59881043,2.0550184,0.0,0.0,0.6637066,1.2029717,0.9032055,0.0
680,1.452913,1.8616976,0.0,0.0,1.1306605,0.0,1.2640285,0.0,1.1520901,1.2547206,1.3253254,2.2415304,0.0,1.726785,2.7751293,0.0,1.8690252,2.3401895,0.90702415,1.6843841,0.5894335,2.4203742,1.8236508,1.4685748,2.0132313,1.0977434,0.7989922,1.2173136,1.3385974,1.8144251,1.7473828,3.1631925,0.7465169,1.8658456,0.0,0.0,0.71484715,0.7907261,0.8775639,0.0
681,1.3531849,1.6711603,0.0,0.0,1.5132847,0.0,0.9858556,0.0,1.1866397,1.01573,0.99611026,2.2679658,0.0,1.7389756,2.7388153,0.0,2.089018,2.3513212,0.6272751,1.6806533,0.7196077,2.2490199,1.7581458,1.2737279,1.742056,1.1545166,1.0576975,1.312126,1.6136932,1.9341841,2.0168064,2.6841908,0.9569393,1.7046256,0.0,0.0,0.7946201,0.435405,1.0067916,0.0
682,1.3435867,1.3825903,0.0,0.0,2.081412,0.0,0.79832524,0.0,1.5061156,0.82206416,0.72263503,2.1829708,0.0,1.8081794,2.6613002,0.0,2.3502376,2.3198931,0.60164773,1.7423352,1.1495197,2.0035074,1.6705647,1.2030965,1.3190478,1.3435863,1.5824267,1.5996333,2.144097,2.1193185,2.2163105,1.8425481,1.3979338,1.6304915,0.0,0.0,0.92048776,0.3911925,1.4316269,0.0
683,1.4642398,1.2667451,0.0,0.0,2.6110456,0.0,0.9601425,0.0,2.0105128,0.87799454,0.7294768,2.1425083,0.0,1.9270723,2.6360426,0.0,2.618676,2.2283165,1.056774,1.9493663,1.7636416,1.8370031,1.6582532,1.3506863,1.0419886,1.5809579,2.3102477,1.9755085,2.7430553,2.315645,2.3497262,1.1367807,1.9745559,1.7356886,0.0,0.0,1.029046,0.7641895,2.0020618,0.0
684,1.4714217,1.1634865,0.0,0.0,2.762413,0.0,1.1882156,0.0,2.3128784,0.8911791,0.8237516,1.9990987,0.0,1.8651927,2.4840882,0.0,2.5807052,2.0463905,1.504222,1.9782192,2.1167996,1.634915,1.5335989,1.4756124,0.8314725,1.5225602,2.7451363,2.1334205,3.0507953,2.270175,2.2654295,0.6388433,2.2635987,1.7938915,0.0,0.0,0.9823358,1.1869862,2.338238,0.0
685,1.3918529,1.0917401,0.0,0.0,2.678865,0.0,1.4064113,0.0,2.4443603,0.88478845,0.92133486,1.9214212,0.0,1.7269001,2.341733,0.0,2.42791,1.8746479,1.7990721,1.9219437,2.2514334,1.5387481,1.4159784,1.5655565,0.7228626,1.3509659,2.984611,2.1389556,3.1613333,2.1695135,2.0946162,0.38468567,2.3306882,1.8460613,0.0,0.0,0.856493,1.5173228,2.4405649,0.0
686,1.2023246,1.017075,0.0,0.0,2.4357114,0.0,1.585461,0.0,2.4158711,0.7887309,0.9856402,1.910209,0.0,1.4871453,2.1599889,0.0,2.1646981,1.6634306,1.9493527,1.7444806,2.184856,1.4609393,1.2874496,1.575036,0.68459,1.0409445,3.0557818,2.0331407,3.1251194,1.9737595,1.9291207,0.2229783,2.2583225,1.8616806,0.0,0.0,0.68936485,1.7518712,2.3515372,0.0
687,0.97901607,0.98701274,0.0,0.0,2.0889604,0.0,1.7569659,0.0,2.2157307,0.6549153,1.102124,1.998129,0.0,1.1781908,1.9756299,0.0,1.8686043,1.4145434,1.9941218,1.5064964,1.9804552,1.4295638,1.1706591,1.5758076,0.75156814,0.57773507,3.054852,1.9146439,2.9837945,1.73503,1.8384305,0.1863895,2.121457,1.8441325,0.0,0.0,0.5551987,1.8858213,2.1217093,0.0
688,0.8017523,1.0942309,0.0,0.0,1.7063701,0.0,1.9673598,0.0,1.8493618,0.564207,1.2707046,2.2296658,0.0,0.8294274,1.8188345,0.0,1.5371978,1.0941124,2.0294838,1.2708052,1.680133,1.3804809,1.1530066,1.5748566,1.0114276,0.07057788,2.9895887,1.8412341,2.7579098,1.5330259,1.9017705,0.33333722,2.0464447,1.7811749,0.0,0.0,0.6032442,1.9937993,1.7940805,0.0
689,0.70504344,1.3156965,0.0,0.0,1.3205993,0.0,2.122951,0.0,1.3219912,0.5592455,1.4838232,2.4728065,0.0,0.48415965,1.6359694,0.0,1.2710402,0.66424286,1.9802226,1.0904499,1.3039926,1.2715393,1.2129436,1.5480177,1.4222099,0.0,2.6880195,1.7719821,2.3563786,1.316267,2.1031222,0.62569124,2.0187042,1.60523,0.0,0.0,0.8035139,1.9981802,1.366639,0.0
690,0.79236364,1.6351511,0.0,0.0,1.1228974,0.0,2.1790118,0.0,0.8251629,0.7016912,1.6910125,2.580885,0.0,0.32663766,1.4991549,0.0,1.1914299,0.3230242,1.9190297,1.1038041,1.0134414,1.0541451,1.4309125,1.5494936,1.9015278,0.0,2.2571838,1.7829064,1.9086037,1.2178183,2.3927107,1.0143161,2.0953948,1.3055444,0.0,0.0,1.1719974,1.9121699,1.0750674,0.0
691,1.0899487,1.9661572,0.0,0.0,1.2061613,0.0,2.133236,0.0,0.55020493,0.99067146,1.8329567,2.456668,0.0,0.42373663,1.5135797,0.0,1.3141806,0.13417536,1.9898806,1.2906237,0.9483792,0.84816617,1.670922,1.579149,2.249699,0.0,1.907738,1.8990091,1.5820369,1.2712051,2.6781216,1.3446999,2.2589614,1.0410957,0.0,0.0,1.5971339,1.7965244,1.0299665,0.0
692,1.4549091,2.2011132,0.0,0.0,1.3861915,0.0,2.0153074,0.0,0.48459145,1.2616928,1.8485311,2.1331956,0.0,0.62140685,1.5370247,0.0,1.4624856,0.037777625,2.0909584,1.4987594,1.0270694,0.6034138,1.8241861,1.5938609,2.4043715,0.3176383,1.6239356,2.0554976,1.418779,1.3584636,2.8197055,1.4925885,2.4124496,0.8079802,0.0,0.0,1.931599,1.6422017,1.1602662,0.0
693,1.7187685,2.2838733,0.0,0.0,1.5425357,0.0,1.8478098,0.0,0.5070996,1.4718823,1.7232493,1.6677868,0.0,0.7834496,1.4955636,0.0,1.5252646,0.039673172,2.1883721,1.6919359,1.1349454,0.35002103,1.9061086,1.5721647,2.3526943,0.775528,1.4034737,2.1295972,1.2650384,1.3979663,2.7927725,1.4834402,2.4688063,0.5843094,0.0,0.0,2.0870354,1.4541453,1.3220377,0.0
694,1.939243,2.2978723,0.0,0.0,1.6860061,0.0,1.6616187,0.0,0.6150295,1.626484,1.4991142,1.1698067,0.0,0.97123665,1.4397506,0.0,1.5428636,0.14518222,2.2821002,1.9014876,1.3043358,0.1408317,1.9089856,1.5072563,2.1711314,1.2036219,1.2549313,2.1722682,1.1385912,1.4222802,2.6301017,1.4434581,2.432121,0.45298624,0.0,0.0,2.136792,1.2219863,1.4880099,0.0
695,2.0684595,2.2659059,0.0,0.0,1.7226655,0.0,1.5484592,0.0,0.7288698,1.7362816,1.2331914,0.6641139,0.0,1.1103289,1.4150115,0.0,1.5494479,0.291724,2.3033214,2.1068041,1.4457393,0.024282146,1.8464639,1.4653877,1.8835831,1.5220276,1.1447757,2.1306906,1.010644,1.452464,2.3683786,1.4077129,2.2972996,0.33685926,0.0,0.0,2.0549648,1.0155687,1.5767914,0.0
696,2.1765702,2.2671707,0.0,0.0,1.7010716,0.0,1.5411528,0.0,0.8675894,1.8482744,0.9908573,0.28330514,0.0,1.2499702,1.4760498,0.0,1.5866004,0.51307577,2.2942755,2.3757584,1.5973477,0.041526306,1.7724733,1.4582235,1.5870306,1.7859929,1.1323605,2.0665615,0.9102852,1.5451275,2.0859673,1.4759376,2.1123073,0.3082807,0.0,0.0,1.9616084,0.86463207,1.6031636,0.0
697,2.2431905,2.2910156,0.0,0.0,1.611521,0.0,1.578433,0.0,1.0094002,1.9337199,0.78313154,0.02899947,0.0,1.3945453,1.5599006,0.0,1.6531973,0.7748812,2.246417,2.6710846,1.7713363,0.16472094,1.6651318,1.4477961,1.3028231,2.0036418,1.1638083,1.9909083,0.7845922,1.6444515,1.7920957,1.6346383,1.8823367,0.35536397,0.0,0.0,1.8320935,0.7593188,1.5152065,0.0
698,2.2689915,2.3394635,0.0,0.0,1.4124571,0.0,1.6280705,0.0,1.061261,1.9267273,0.6207282,0.0,0.0,1.4941003,1.6770502,0.0,1.7413838,1.0137035,2.0769212,2.9531183,1.9076294,0.39278972,1.5280802,1.4002681,1.0695837,2.1439345,1.1963156,1.8714467,0.60071456,1.7386117,1.4990326,1.9179204,1.5718702,0.467368,0.0,0.0,1.7246045,0.7069332,1.2416968,0.0
699,2.2491426,2.4855917,0.0,0.0,1.2312922,0.0,1.7654513,0.0,1.0952924,1.9030578,0.6344571,0.13862017,0.0,1.6326624,1.8884078,0.0,1.9765689,1.2898132,1.8707927,3.2428455,2.0340102,0.8375936,1.4463861,1.4083431,1.0110551,2.1968987,1.3252771,1.770375,0.4387026,1.9001343,1.3109555,2.432816,1.3128227,0.7288002,0.0,0.0,1.7513571,0.8085794,0.8403629,0.0
700,2.1099994,2.6149118,0.0,0.0,1.0632993,0.0,1.8665475,0.0,1.0926287,1.8276999,0.8760068,0.6984247,0.0,1.7438021,2.1167538,0.0,2.256829,1.5078325,1.5646955,3.3507807,2.040277,1.429402,1.414736,1.3908384,1.1617638,2.0749564,1.493958,1.644052,0.34234923,2.0931013,1.236236,3.0108354,1.1745203,1.093208,0.0,0.0,1.8482226,1.0892776,0.38681477,0.0
701,1.9075856,2.6731336,0.0,0.0,1.0496461,0.0,1.9284687,0.0,1.0631863,1.7451199,1.296096,1.4413271,0.0,1.7809815,2.288504,0.0,2.5711224,1.6109502,1.3663423,3.2239645,1.9777962,1.9523069,1.5257933,1.4214683,1.5385134,1.8538517,1.6350598,1.612606,0.44414532,2.1908216,1.3142174,3.4036636,1.2519885,1.4447898,0.0,0.0,1.9586629,1.4733073,0.124573365,0.0
702,1.8291051,2.7388322,0.0,0.0,1.2144995,0.0,2.0111039,0.0,1.0853432,1.7878836,1.8101412,2.1463156,0.0,1.8845707,2.500664,0.0,2.9004233,1.7476135,1.3801223,3.0519671,1.9309282,2.3681858,1.8037052,1.552819,1.9914147,1.692875,1.7834828,1.6779026,0.72012025,2.2755167,1.5482259,3.6668591,1.5780877,1.7527456,0.0,0.0,2.1108932,1.8616376,0.15498318,0.0
703,1.7906566,2.8205113,0.0,0.0,1.4654734,0.0,2.055326,0.0,1.146076,1.9500878,2.2894588,2.6444187,0.0,1.9935343,2.6672652,0.0,3.2120805,1.8481679,1.5349139,2.9251618,1.909388,2.6669302,2.1145751,1.7085692,2.4159927,1.6772501,1.8985673,1.7768689,0.9942535,2.315916,1.7815813,3.8055103,1.9661822,1.9712211,0.0,0.0,2.214857,2.1580715,0.34748822,0.0
704,1.7424389,2.8847349,0.0,0.0,1.7226809,0.0,2.0030684,0.0,1.2065753,2.171399,2.683699,2.9312074,0.0,2.091058,2.7662823,0.0,3.4558277,1.935888,1.7186334,2.8102124,1.8810357,2.8903873,2.3771217,1.846612,2.7380345,1.7002932,1.9057144,1.8419423,1.2098881,2.2899086,1.9162887,3.8494742,2.3467262,2.0762708,0.0,0.0,2.195015,2.32608,0.6037676,0.0
705,1.644342,2.9047482,0.0,0.0,2.0243561,0.0,1.9132423,0.0,1.309569,2.4569619,2.997177,3.0277686,0.0,2.1592133,2.8147247,0.0,3.6122575,1.9984772,1.9009281,2.6944835,1.8490523,3.0489523,2.5563953,1.9482815,2.9706342,1.7861425,1.8096826,1.8555989,1.4093691,2.1876903,1.9520774,3.773736,2.6402524,2.0764363,0.0,0.0,2.0306659,2.3257458,0.9254094,0.0
706,1.4572735,2.6979222,0.0,0.0,2.3309927,0.0,1.6655635,0.0,1.4158157,2.6621766,3.0989578,2.778956,0.0,2.115244,2.7696917,0.0,3.5276947,2.0186272,2.0694973,2.5610883,1.7763238,3.0669682,2.4990103,2.0197315,2.9507382,1.8532451,1.53581,1.7731484,1.5682355,1.9074441,1.6990749,3.39952,2.7883933,1.891201,0.0,0.0,1.5180467,2.097611,1.3622569,0.0
707,1.3214605,2.248853,0.0,0.0,2.5796392,0.0,1.457709,0.0,1.6234616,2.734916,2.8417246,2.2841163,0.0,1.9261476,2.699718,0.0,3.0263865,2.0282528,2.2159705,2.4178536,1.7604387,2.7908502,2.1769302,2.0264502,2.579916,1.9307097,1.2689396,1.6086086,1.7487805,1.586785,1.3478833,2.7371984,2.6352012,1.6293943,0.0,0.0,0.79900515,1.6739414,1.8607775,0.0
708,1.1491416,1.681566,0.0,0.0,2.5305412,0.0,1.31787,0.0,1.7406023,2.443198,2.2806811,1.7278428,0.0,1.57016,2.5019662,0.0,2.285476,1.8458861,2.0634878,2.2483594,1.7001766,2.30119,1.6006815,1.9071002,1.9784377,1.9016759,1.0338998,1.3787963,1.7404848,1.3086175,0.92973864,2.0007987,2.1631258,1.3238328,0.0,0.0,0.14558226,1.1992049,2.030584,0.0
709,1.1303903,1.3535631,0.0,0.0,2.4535239,0.0,1.3292733,0.0,1.8219229,2.1901882,1.7972734,1.4791652,0.0,1.3360257,2.445421,0.0,1.7742573,1.7718803,1.8432528,2.2244434,1.7479714,1.9824318,1.1915889,1.8697249,1.5853403,1.9472662,1.0301099,1.3110262,1.7222354,1.2898029,0.709997,1.6056917,1.7846047,1.2421423,0.0,0.0,0.0,0.9225262,1.9957381,0.0
710,1.183888,1.2367492,0.0,0.0,2.4481697,0.0,1.4812872,0.0,1.890907,1.9845171,1.5499523,1.5505846,0.0,1.1755557,2.5397434,0.0,1.4910046,1.7440522,1.6453043,2.2810152,1.8546203,1.8202949,0.9794283,1.8773719,1.4490676,2.0450096,1.1823473,1.2879583,1.7363126,1.4203249,0.6495448,1.4881728,1.5394937,1.3032482,0.0,0.0,0.0,0.8507069,1.8980994,0.0
711,1.2975066,1.2323728,0.0,0.0,2.5789628,0.0,1.7938087,0.0,1.9408587,1.8039775,1.4936787,1.9323025,0.0,1.0575135,2.798804,0.0,1.434934,1.8571765,1.5473293,2.4603765,1.9910723,1.8114877,0.95424,1.9800197,1.5181289,2.247033,1.5014269,1.3645675,1.7757,1.7297091,0.7291045,1.5445149,1.431122,1.4399128,0.0,0.0,0.0,1.0004983,1.7872258,0.0
712,1.4420805,1.259375,0.0,0.0,2.707642,0.0,2.1806254,0.0,1.8737042,1.5943453,1.5502555,2.5358658,0.0,0.9725276,3.036265,0.0,1.5411144,2.0610957,1.4852368,2.605899,2.0964198,1.8412632,1.1178441,2.1427994,1.7589984,2.422932,1.8690054,1.5664574,1.8062685,2.1062803,0.94808286,1.7137449,1.4703746,1.6066958,0.0,0.0,0.24686337,1.3719305,1.5892843,0.0
713,1.6339848,1.2840238,0.0,0.0,2.7393456,0.0,2.6160161,0.0,1.6344371,1.4050515,1.6596838,3.2048626,0.0,1.0247598,3.1133993,0.0,1.86069,2.3886278,1.5803593,2.567046,2.0888138,1.90405,1.5345814,2.31546,2.098654,2.4671977,2.2884102,1.9221866,1.8535181,2.4866807,1.3526773,1.9174931,1.7209812,1.8462256,0.0,0.0,0.8820311,1.9412442,1.304252,0.0
714,1.9435223,1.4840908,0.0,0.0,2.7242613,0.0,2.9354532,0.0,1.4763347,1.4156158,1.9293879,3.7460938,0.0,1.4273286,2.9660828,0.0,2.59713,2.8517542,2.028355,2.4235594,1.980398,2.069331,2.3249118,2.482601,2.4402966,2.401805,2.752992,2.3393219,2.0595977,2.90417,2.0156844,2.1194994,2.277559,2.1290586,0.0,0.0,1.7242467,2.5698571,1.3261117,0.0
715,2.03252,1.4985325,0.0,0.0,2.522845,0.0,2.904555,0.0,1.3512174,1.463444,2.0550418,3.794478,0.0,1.8847911,2.5052898,0.0,3.173103,3.1069045,2.4750369,2.0768673,1.6964155,2.1138058,2.8766491,2.4268231,2.4277983,2.0482166,2.8771663,2.5198302,2.227507,2.955351,2.4305406,2.0598848,2.678689,2.2092721,0.0,0.0,2.321065,2.8238118,1.4708064,0.0
716,1.8884255,1.2419448,0.0,0.0,2.2280777,0.0,2.5803041,0.0,1.2794567,1.4464947,1.9320543,3.4155617,0.0,2.1867497,1.894931,0.0,3.3658981,3.1098945,2.7036247,1.6478179,1.3204681,2.0122857,2.9680583,2.1688116,2.0790617,1.546208,2.7092738,2.4623206,2.3213263,2.660165,2.455045,1.7348089,2.7052233,2.1304216,0.0,0.0,2.4404647,2.6770053,1.6272641,0.0
717,1.7106202,0.98172826,0.0,0.0,2.0001836,0.0,2.2660174,0.0,1.3995076,1.5292344,1.7505082,2.953117,0.0,2.4105647,1.4221097,0.0,3.3917239,3.0188804,2.8638053,1.40784,1.1441723,1.9446592,2.8039603,1.921381,1.6583524,1.1952919,2.4866116,2.3636925,2.4306993,2.32514,2.3188694,1.4301162,2.6055791,2.0839212,0.0,0.0,2.3061833,2.37006,1.8563871,0.0
718,1.5243002,0.72525555,0.0,0.0,1.8250287,0.0,1.987426,0.0,1.6428005,1.6057991,1.5694073,2.5088587,0.0,2.5434277,1.1496931,0.0,3.230076,2.8018315,2.8700697,1.3045249,1.115005,1.9100698,2.4287794,1.6850181,1.2207587,0.9998557,2.231667,2.253961,2.504342,1.9915609,2.0683563,1.2033033,2.3550117,2.056638,0.0,0.0,2.0092337,2.02188,2.063063,0.0
719,1.2657615,0.43868148,0.0,0.0,1.605092,0.0,1.6689824,0.0,1.8645842,1.5855868,1.334425,2.0275705,0.0,2.5003974,0.9135023,0.0,2.8375223,2.4184055,2.6297352,1.2077091,1.1111261,1.776671,1.8517647,1.4278295,0.76725864,0.87463546,1.9522421,2.0232491,2.4075959,1.6405488,1.6561912,1.0310922,1.9183472,1.9787073,0.0,0.0,1.6055925,1.60185,2.1426215,0.0
720,1.0851266,0.23585136,0.0,0.0,1.4525425,0.0,1.4292107,0.0,2.1296973,1.547529,1.1549186,1.6448288,0.0,2.3755405,0.8686122,0.0,2.4041932,2.0103722,2.3223364,1.2187202,1.1902086,1.6533434,1.2938452,1.241504,0.4481609,0.935844,1.7173996,1.8247205,2.2502868,1.3726244,1.2630793,1.0023293,1.4821682,1.9757737,0.0,0.0,1.2153159,1.2638433,2.170241,0.0
721,1.0089412,0.15246274,0.0,0.0,1.3155917,0.0,1.2417707,0.0,2.3975956,1.49432,1.0276923,1.3730737,0.0,2.185077,0.9840655,0.0,1.941735,1.5980824,1.9292957,1.2893173,1.326882,1.5208393,0.8037206,1.0935436,0.27747732,1.1461376,1.5407606,1.6558317,2.038231,1.1871232,0.9010491,1.1263356,1.0308462,2.0611315,0.0,0.0,0.94341373,0.9840755,2.150489,0.0
722,1.082571,0.21353509,0.0,0.0,1.278286,0.0,1.173684,0.0,2.7188907,1.5095115,1.0006953,1.2694691,0.0,2.0190313,1.2924706,0.0,1.5597376,1.299516,1.5999981,1.4838226,1.5368493,1.404163,0.4989072,1.0569053,0.28666973,1.4603676,1.457299,1.584874,1.8486102,1.1882503,0.70049924,1.4549494,0.65616375,2.249703,0.0,0.0,0.8774922,0.8936328,2.1061418,0.0
723,1.183944,0.3140366,0.0,0.0,1.264188,0.0,1.1096574,0.0,2.9213567,1.4676764,0.9867322,1.1253318,0.0,1.8151288,1.636172,0.0,1.1318414,1.0740728,1.2804333,1.6728269,1.6483423,1.2047023,0.29916245,1.022656,0.3526669,1.7577283,1.351464,1.5024307,1.5572976,1.2637162,0.5228032,1.7856934,0.29786777,2.3585393,0.0,0.0,0.94162303,0.9209694,1.9349114,0.0
724,1.5393178,0.6610379,0.0,0.0,1.3021677,0.0,1.1489662,0.0,3.014883,1.4353733,1.0841814,1.0062248,0.0,1.63731,2.1487756,0.0,0.90123415,1.0397849,1.0512283,1.8971986,1.7867671,1.1062833,0.40520316,1.1145405,0.66561306,2.1481733,1.2358867,1.561749,1.2393576,1.4182225,0.6072723,2.2576761,0.10052131,2.496323,0.0,0.0,1.2227231,1.0650038,1.7448059,0.0
725,2.102437,1.2392603,0.0,0.0,1.4726832,0.0,1.3412919,0.0,2.991251,1.4782825,1.2700182,0.9572122,0.0,1.6200433,2.8372107,0.0,0.9471769,1.2481962,1.1033584,2.1751,1.8831393,1.1739465,0.90518206,1.3707678,1.2012196,2.537583,1.1911086,1.7745875,1.0233353,1.67409,0.979244,2.7585006,0.22054188,2.6368997,0.0,0.0,1.7121594,1.4201992,1.6070268,0.0
726,2.573287,1.7549719,0.0,0.0,1.6038077,0.0,1.6011364,0.0,2.7419617,1.4250128,1.4104904,0.8164209,0.0,1.6068943,3.3467813,0.0,1.1545944,1.5512252,1.2899039,2.3601778,1.8578538,1.3102461,1.5138979,1.5671313,1.6493123,2.6872082,1.0712028,1.9735318,0.92025125,1.8079602,1.4403421,2.9592452,0.51943165,2.5779727,0.0,0.0,2.0869832,1.7852924,1.4205141,0.0
727,2.908543,2.1463823,0.0,0.0,1.7033129,0.0,1.8797704,0.0,2.3823075,1.3505981,1.5011344,0.6951086,0.0,1.6361842,3.6425176,0.0,1.4385893,1.8832593,1.6020918,2.463772,1.7538909,1.4678594,2.1254108,1.7226872,1.9779003,2.6071248,0.9736813,2.1497288,0.9866896,1.8067325,1.8947173,2.8825088,0.9445871,2.3766603,0.0,0.0,2.2614427,2.0918555,1.3190986,0.0
728,3.0883195,2.423235,0.0,0.0,1.7942078,0.0,2.1605096,0.0,2.0894773,1.307143,1.5987432,0.63224024,0.0,1.6946192,3.8007474,0.0,1.7597467,2.1225846,1.9366653,2.5454133,1.6788411,1.651042,2.5934877,1.8193326,2.156459,2.3888829,0.9394242,2.2669764,1.1755692,1.7009009,2.2491534,2.6523855,1.3958127,2.1312602,0.0,0.0,2.2501307,2.3270688,1.31799,0.0
729,3.1351433,2.5509067,0.0,0.0,1.856914,0.0,2.3608854,0.0,1.875438,1.268539,1.6851887,0.59290457,0.0,1.7126942,3.8606076,0.0,1.9690906,2.2151456,2.1966577,2.5879467,1.6578146,1.7724696,2.8442528,1.8263373,2.2052283,2.1684382,0.9361747,2.2963526,1.4081582,1.5409547,2.4668057,2.3542678,1.741099,1.8792859,0.0,0.0,2.080709,2.477435,1.3814603,0.0
730,3.0688303,2.5558043,0.0,0.0,1.8551711,0.0,2.4621987,0.0,1.7247081,1.1973431,1.7313311,0.5360336,0.0,1.6518034,3.8323822,0.0,2.0046237,2.1154501,2.2916079,2.5336235,1.6858634,1.7784048,2.855666,1.717305,2.1322868,1.9527681,0.89487123,2.226071,1.5864534,1.3251492,2.491181,2.0389528,1.9272074,1.6181799,0.0,0.0,1.7962134,2.5550594,1.4551259,0.0
731,2.9163375,2.4724987,0.0,0.0,1.8043034,0.0,2.4690914,0.0,1.6308559,1.0842068,1.76342,0.46543214,0.0,1.5202385,3.759111,0.0,1.9028691,1.8699036,2.226718,2.4072757,1.756854,1.6862401,2.675169,1.5315735,1.9811074,1.78116,0.8358861,2.0663133,1.6794065,1.0945948,2.352063,1.7633903,1.9537677,1.3598067,0.0,0.0,1.436374,2.5762508,1.5101544,0.0
732,2.7397764,2.3692698,0.0,0.0,1.758173,0.0,2.4315028,0.0,1.5927415,0.9842866,1.8441653,0.4642329,0.0,1.3526086,3.7123585,0.0,1.7017292,1.5552835,2.0504959,2.2291396,1.8980019,1.4974171,2.346586,1.3225441,1.8102779,1.6712412,0.8522225,1.8492951,1.72763,0.9331783,2.1217196,1.599752,1.9013025,1.1834191,0.0,0.0,1.0982262,2.6132188,1.5997521,0.0
733,2.5574152,2.2778118,0.0,0.0,1.7136846,0.0,2.3414633,0.0,1.6269985,0.93260974,1.9704038,0.54483104,0.0,1.1988237,3.6899695,0.0,1.4771118,1.2215581,1.8323407,2.022835,2.0913794,1.2502533,1.8929725,1.1195536,1.6678588,1.6504357,0.9676421,1.6110171,1.741958,0.8945357,1.8600892,1.6199632,1.7762538,1.1419114,0.0,0.0,0.8184142,2.6550453,1.7203667,0.0
734,2.361739,2.221942,0.0,0.0,1.669985,0.0,2.1399553,0.0,1.6824427,0.9160793,2.1161094,0.74575853,0.0,1.1550937,3.6167037,0.0,1.2778242,0.98723,1.6075268,1.7618957,2.3154097,1.0090216,1.3883586,0.9451878,1.5066414,1.6526943,1.1706916,1.3335379,1.6916056,1.0228146,1.6121571,1.7949185,1.624374,1.2083116,0.0,0.0,0.6582383,2.6779456,1.8260363,0.0
735,2.0943277,2.1212358,0.0,0.0,1.5665052,0.0,1.844837,0.0,1.6656413,0.86583287,2.190578,0.9988036,0.0,1.1956358,3.412177,0.0,1.1284053,0.875191,1.3847057,1.390465,2.4164002,0.8009246,0.82169896,0.7886428,1.3552308,1.6011258,1.4283371,1.0514892,1.5750519,1.2401617,1.4194287,2.0064008,1.4351922,1.3635727,0.0,0.0,0.61941147,2.6026373,1.8196905,0.0
736,1.8138051,2.019726,0.0,0.0,1.4692419,0.0,1.5397323,0.0,1.6134756,0.8465208,2.221845,1.3288693,0.0,1.4231664,3.1334643,0.0,1.1540875,0.98297966,1.3089657,1.032064,2.3948908,0.7208187,0.33642587,0.73812056,1.2596773,1.4674686,1.7367752,0.83239675,1.5202254,1.5397236,1.3935002,2.239822,1.3350405,1.6243404,0.0,0.0,0.74380314,2.494248,1.7274054,0.0
737,1.5488355,1.9391761,0.0,0.0,1.3881476,0.0,1.3018615,0.0,1.4927943,0.8060088,2.2023718,1.6756471,0.0,1.7700288,2.8246448,0.0,1.3949056,1.2730662,1.3908907,0.7754194,2.1887379,0.84748536,0.0493882,0.793116,1.220913,1.2188237,2.0185797,0.72884214,1.5706272,1.8209811,1.5343454,2.3563032,1.3520375,1.8930367,0.0,0.0,0.9771189,2.360304,1.5795358,0.0
738,1.3553008,1.8167298,0.0,0.0,1.3696983,0.0,1.1925641,0.0,1.3631158,0.77271855,2.1334937,2.0105515,0.0,2.1997368,2.4965174,0.0,1.7950776,1.660741,1.6562799,0.69554704,1.8826741,1.1524268,0.003878191,0.954373,1.2912004,0.9197829,2.269369,0.8031256,1.7854809,2.0626855,1.8544625,2.2932506,1.5433577,2.1028495,0.0,0.0,1.2472914,2.2155466,1.4259632,0.0
739,1.1711104,1.6242512,0.0,0.0,1.3914709,0.0,1.162135,0.0,1.1943456,0.714179,1.9772886,2.2013354,0.0,2.4859483,2.0909452,0.0,2.1398766,1.8953686,1.9698668,0.69740784,1.4301968,1.4983529,0.1743357,1.0820808,1.4250026,0.61322486,2.3385699,0.9264707,2.051618,2.089207,2.1769745,1.9681802,1.8170158,2.113708,0.0,0.0,1.430264,2.0864518,1.254246,0.0
740,1.0413352,1.4568303,0.0,0.0,1.3763394,0.0,1.2899839,0.0,1.0968759,0.6727124,1.8158165,2.3181872,0.0,2.672314,1.8149644,0.0,2.4923394,2.010327,2.3272872,0.8898727,1.1018139,1.8799901,0.4499034,1.2991724,1.606514,0.36687782,2.3548617,1.1743746,2.3732598,2.0954974,2.469684,1.5958083,2.128559,2.0314734,0.0,0.0,1.5219817,2.0140827,1.1901199,0.0
741,0.9249506,1.2901655,0.0,0.0,1.3979163,0.0,1.481356,0.0,1.0964519,0.677378,1.6268405,2.3226316,0.0,2.6512568,1.580846,0.0,2.6961412,1.9043816,2.6661737,1.1426837,0.83361423,2.1193292,0.8331456,1.4696413,1.8253947,0.27609888,2.2570648,1.385212,2.6395762,1.9772533,2.6454682,1.123224,2.4587634,1.7953013,0.0,0.0,1.4908634,2.0324655,1.2178893,0.0
742,0.80682576,1.1281911,0.0,0.0,1.4596977,0.0,1.6224997,0.0,1.136521,0.72333163,1.3913637,2.1548498,0.0,2.4146001,1.3561419,0.0,2.6858437,1.5206822,2.9153125,1.3928087,0.64539933,2.203376,1.1820629,1.5871446,2.0030274,0.27035883,2.0507832,1.5616205,2.7853277,1.7948997,2.6250572,0.68791515,2.6596017,1.4446515,0.0,0.0,1.3153374,1.9972806,1.2861372,0.0
743,0.7382895,0.9800529,0.0,0.0,1.4940445,0.0,1.685168,0.0,1.2423916,0.8199857,1.1350296,1.8488401,0.0,2.0003786,1.1747168,0.0,2.468438,1.0102392,3.0311732,1.6092668,0.5791133,2.126807,1.4714692,1.6609392,2.088779,0.42758814,1.7739847,1.6787366,2.7246792,1.605982,2.378207,0.37787348,2.7053108,1.0739732,0.0,0.0,1.0982902,1.8868968,1.4207078,0.0
744,0.7772113,1.0088087,0.0,0.0,1.6441613,0.0,1.7733961,0.0,1.499822,1.0586302,0.9160643,1.5477686,0.0,1.5433581,1.145786,0.0,2.2440078,0.55422693,3.1490722,1.8596869,0.7416895,1.9777524,1.7312138,1.7395844,2.167345,0.8228756,1.5505543,1.799163,2.5536835,1.5536367,2.0752437,0.38942838,2.599408,0.82376754,0.0,0.0,0.9622478,1.7394598,1.6419286,0.0
745,0.89880496,1.1547215,0.0,0.0,1.8315827,0.0,1.81389,0.0,1.8113363,1.3294911,0.72774,1.3210202,0.0,1.1970038,1.2239196,0.0,2.0693169,0.2808337,3.1954694,2.076499,1.0212477,1.823308,1.8881588,1.7973068,2.1597478,1.3205942,1.393509,1.8972923,2.2660215,1.6147033,1.7771978,0.666413,2.3504877,0.7383215,0.0,0.0,0.96456194,1.5024158,1.8550636,0.0
746,1.0340579,1.359726,0.0,0.0,2.0742278,0.0,1.7880458,0.0,2.0895367,1.6067271,0.53950125,1.1947535,0.0,1.0229253,1.3683492,0.0,2.0395648,0.22432527,3.2378986,2.2957761,1.2840168,1.7578655,1.971278,1.8518591,2.0391805,1.7504808,1.3049215,2.0324996,1.991983,1.7793941,1.5643533,1.1178169,2.0183814,0.81727064,0.0,0.0,1.0966719,1.1945242,1.9440128,0.0
747,1.0767169,1.5476046,0.0,0.0,2.219208,0.0,1.7338041,0.0,2.2040036,1.7494009,0.33329102,1.1395767,0.0,0.9658201,1.4669882,0.0,2.110387,0.37179366,3.1888416,2.4530597,1.4086618,1.7126156,1.9532225,1.8677666,1.7747815,2.003129,1.2263757,2.1172116,1.703912,1.9275193,1.4070553,1.5373724,1.6128561,0.9387634,0.0,0.0,1.2950398,0.7423577,1.868825,0.0
748,1.0231197,1.6170921,0.0,0.0,2.2467585,0.0,1.5987471,0.0,2.189059,1.7100029,0.106350206,1.1850556,0.0,0.9916472,1.4164898,0.0,2.2484128,0.6348243,3.04408,2.5132926,1.3887215,1.7082502,1.8006897,1.7146156,1.4248756,2.066083,1.1606647,2.0846095,1.44216,1.9522493,1.3550388,1.8022444,1.1963708,1.0618492,0.0,0.0,1.5055163,0.24034312,1.6407062,0.0
749,0.9462968,1.6400905,0.0,0.0,2.203986,0.0,1.4249561,0.0,1.9986372,1.5573957,0.0,1.3460189,0.0,1.1624959,1.3028611,0.0,2.4716449,0.94270223,2.7489808,2.50941,1.2996185,1.7502266,1.5942407,1.5607799,1.0740099,1.852938,1.1531221,2.0506463,1.2720306,1.898714,1.4023815,1.9330709,0.8977837,1.1511443,0.0,0.0,1.6905854,0.0,1.3142611,0.0
750,0.86733204,1.5866379,0.0,0.0,2.0822654,0.0,1.2621435,0.0,1.6877247,1.346376,0.0,1.5388386,0.0,1.3328149,1.1413082,0.0,2.6919718,1.1931692,2.3873348,2.4802947,1.156397,1.7877294,1.4059803,1.4066501,0.8135653,1.5217317,1.1190871,1.9873706,1.212767,1.7438817,1.475521,1.8770428,0.7976316,1.177031,0.0,0.0,1.7288212,0.0,1.0095577,0.0
751,0.84431666,1.5339469,0.0,0.0,1.9362736,0.0,1.2002522,0.0,1.3684778,1.1824062,0.13323265,1.7629374,0.0,1.4684265,1.0432273,0.0,2.8871653,1.3873124,2.0991096,2.5150335,1.0448157,1.7739543,1.3318176,1.348839,0.6589738,1.2752324,1.1478283,1.9235874,1.230285,1.573198,1.5793527,1.7376299,0.85377944,1.1880436,0.0,0.0,1.7064308,0.0,0.81116265,0.0
752,0.8713014,1.4879085,0.0,0.0,1.8310783,0.0,1.221347,0.0,1.1058726,1.1363704,0.37325555,1.9920434,0.0,1.5335972,0.99810964,0.0,3.0528464,1.5008965,1.9033679,2.6193876,1.0238439,1.7187176,1.3581278,1.3798839,0.60624,1.1339728,1.2285823,1.8704054,1.3229985,1.4360939,1.707399,1.567749,1.0047435,1.1695337,0.0,0.0,1.6256669,0.0,0.75420666,0.0
753,0.9150108,1.4235013,0.0,0.0,1.7188817,0.0,1.2874429,0.0,0.8727304,1.1464121,0.6394654,2.1798642,0.0,1.4863019,0.95001423,0.0,3.133342,1.5271504,1.7376823,2.7590132,1.0614895,1.5679239,1.4104555,1.4624012,0.5882596,1.0996093,1.3291497,1.8154398,1.4285865,1.3052722,1.776285,1.3403001,1.1893595,1.119793,0.0,0.0,1.4762368,0.0,0.7761946,0.0
754,0.9805747,1.31854,0.0,0.0,1.5662105,0.0,1.3269088,0.0,0.6325362,1.1995082,0.898202,2.2905104,0.0,1.2917597,0.8581973,0.0,3.0136058,1.4098976,1.462384,2.8330195,1.1335533,1.2543477,1.433847,1.6146498,0.5735979,1.0967351,1.3832464,1.758985,1.5334643,1.1761059,1.7281939,1.0814767,1.4113357,0.9992184,0.0,0.0,1.1474631,0.06696843,0.8779586,0.0
755,1.3222375,1.3156266,0.0,0.0,1.5496383,0.0,1.5022043,0.0,0.5363213,1.4915259,1.3567916,2.5019562,0.0,1.1257988,1.021167,0.0,2.8142865,1.3166647,1.2943481,2.9581273,1.4767408,0.8958282,1.6192355,2.0347652,0.6399133,1.359513,1.6289177,1.7491966,1.8252896,1.3156087,1.6721112,1.0654955,1.8277832,1.0361557,0.0,0.0,0.74935913,0.6267431,1.309373,0.0
756,1.8024315,1.3267297,0.0,0.0,1.540024,0.0,1.7168657,0.0,0.6534505,1.8802814,1.870696,2.619133,0.0,0.91797,1.4590877,0.0,2.2853148,1.2188002,1.1973937,2.8301485,1.954244,0.5641375,1.725415,2.467556,0.805699,1.7743938,1.9509537,1.6133106,2.1564949,1.6479031,1.4827415,1.3032532,2.174813,1.2648603,0.0,0.0,0.35395223,1.470032,1.9076871,0.0
757,2.1960018,1.5251911,0.0,0.0,1.6883893,0.0,1.9975922,0.0,1.0362903,2.2656152,2.20741,2.6803818,0.0,0.942674,2.0567017,0.0,1.752035,1.3247892,1.349579,2.499565,2.3481722,0.5667531,1.7499826,2.7490282,1.0817895,2.152498,2.2714605,1.4327986,2.4264696,2.06296,1.3523847,1.8446472,2.3654978,1.7422211,0.0,0.0,0.23577154,2.223207,2.3447614,0.0
758,2.2067702,1.5605612,0.0,0.0,1.6850823,0.0,2.0438578,0.0,1.2872201,2.2895114,2.1978395,2.6407166,0.0,1.0109593,2.3213844,0.0,1.2982674,1.3987285,1.414791,2.037347,2.3396268,0.7490171,1.5726857,2.6543813,1.1841712,2.1779623,2.3379126,1.1979457,2.387716,2.2352488,1.2071067,2.194041,2.2145374,2.0016375,0.0,0.0,0.28154215,2.4950204,2.303638,0.0
759,2.1534097,1.6596085,0.0,0.0,1.738589,0.0,2.1138709,0.0,1.4793433,2.3253481,2.1764536,2.8237538,0.0,1.1423292,2.5417628,0.0,1.1494253,1.5191869,1.5464281,1.7704258,2.2564125,1.1081823,1.4731979,2.5575294,1.3682245,2.1601126,2.4753375,1.085221,2.4024522,2.3654206,1.2432675,2.5404837,2.1470406,2.2983842,0.0,0.0,0.42923453,2.587718,2.1825755,0.0
760,1.9577864,1.7091881,0.0,0.0,1.7411675,0.0,2.1456015,0.0,1.4979424,2.2608628,2.0685747,3.108757,0.0,1.2088838,2.5797462,0.0,1.0694706,1.5617057,1.5666958,1.537303,2.0317583,1.436914,1.3669429,2.3574522,1.5392525,2.03237,2.6096249,0.95211405,2.3564265,2.4131072,1.2785122,2.7263846,2.075124,2.480833,0.0,0.0,0.5749147,2.4839325,1.9375907,0.0
761,1.646178,1.6921431,0.0,0.0,1.7227619,0.0,2.151061,0.0,1.3847657,2.1024783,1.9196568,3.4373083,0.0,1.2599965,2.4665601,0.0,1.0915744,1.5152054,1.5507637,1.4051635,1.6857318,1.7781507,1.2830744,2.1469667,1.7111112,1.8055677,2.65683,0.86505926,2.188657,2.3776808,1.3211755,2.748869,2.0209298,2.4640005,0.0,0.0,0.71802115,2.3083644,1.5790702,0.0
762,1.2547367,1.5829055,0.0,0.0,1.6504874,0.0,2.1100526,0.0,1.1488651,1.8603761,1.709696,3.7042418,0.0,1.2422152,2.2281601,0.0,1.164873,1.3019856,1.4766245,1.3618846,1.243958,2.0640233,1.2302032,1.9002794,1.9157314,1.5136788,2.5766654,0.83592135,1.8766259,2.2395601,1.4056503,2.567572,2.0121174,2.2254994,0.0,0.0,0.84666365,2.067419,1.1786469,0.0
763,1.0181713,1.5599558,0.0,0.0,1.6521115,0.0,2.1354356,0.0,0.96303755,1.6894754,1.5821809,3.8778071,0.0,1.2231829,2.0026321,0.0,1.4005444,1.048031,1.550918,1.5297334,0.91984344,2.2647607,1.3873138,1.7725432,2.2716162,1.3172112,2.5411813,1.0220486,1.6167156,2.1589592,1.6276075,2.314855,2.2012074,1.8844639,0.0,0.0,1.0185194,1.918134,0.96870834,0.0
764,1.0202035,1.6122994,0.0,0.0,1.6918731,0.0,2.1829538,0.0,0.9119017,1.6017791,1.5625882,3.8234093,0.0,1.1851249,1.8901762,0.0,1.7284561,0.83570933,1.743772,1.8840573,0.81840104,2.2702787,1.6950743,1.8313589,2.6654215,1.2512199,2.492289,1.4074718,1.4284738,2.1127088,1.9792445,1.9894664,2.5113375,1.4827508,0.0,0.0,1.186607,1.897784,1.0698987,0.0
765,1.2049608,1.6685944,0.0,0.0,1.7215407,0.0,2.1757472,0.0,0.97875965,1.5620228,1.5796772,3.4860816,0.0,1.1140554,1.8545088,0.0,2.001629,0.6911521,1.9789816,2.236752,0.9147663,2.0749161,1.9977553,1.9708362,2.9300187,1.2318294,2.3803396,1.8279469,1.3371772,2.0880215,2.3410904,1.653703,2.7938683,1.0848985,0.0,0.0,1.3042307,1.9550853,1.3701259,0.0
766,1.4948816,1.698617,0.0,0.0,1.7028577,0.0,2.1284132,0.0,1.0806047,1.5647296,1.6019802,2.9127357,0.0,1.0029954,1.8811288,0.0,2.1058185,0.63033736,2.1666353,2.4611075,1.0738635,1.7382561,2.178058,2.0568218,2.9784768,1.2619442,2.302466,2.1255822,1.3572711,2.1060524,2.6268468,1.3854539,2.9461868,0.8294335,0.0,0.0,1.3769128,2.0267785,1.717079,0.0
767,1.7594612,1.6638854,0.0,0.0,1.5995588,0.0,2.0170035,0.0,1.1702313,1.5439253,1.5597312,2.239373,0.0,0.8560166,1.8677204,0.0,2.044991,0.6494682,2.2354896,2.483178,1.267579,1.3032447,2.1970427,2.0786443,2.815704,1.2383769,2.1803613,2.2811909,1.4231526,2.0930486,2.7824092,1.1206748,2.9122422,0.6306447,0.0,0.0,1.354514,2.0570197,2.0341566,0.0
768,2.0053155,1.5681155,0.0,0.0,1.4200289,0.0,1.845177,0.0,1.2564195,1.4597174,1.4809543,1.6000041,0.0,0.7473119,1.8267168,0.0,1.9065082,0.6751439,2.2172444,2.344399,1.4697801,0.832696,2.0743217,2.0302844,2.479171,1.1013318,1.9802711,2.3565166,1.5549723,1.9838324,2.834283,0.8852592,2.7455006,0.48979142,0.0,0.0,1.299166,2.0624416,2.2924588,0.0
769,2.264389,1.5648763,0.0,0.0,1.4297792,0.0,1.8198613,0.0,1.3939394,1.5226032,1.5155584,1.3001713,0.0,0.833756,1.9413472,0.0,1.9381652,0.843741,2.3570678,2.2072675,1.7694279,0.5683775,2.0109735,2.0996923,2.2094512,0.95222855,1.8864058,2.4953322,1.8311032,1.9360154,3.0512567,0.8745465,2.726405,0.5712627,0.0,0.0,1.3465979,2.1723726,2.5703914,0.0
770,2.3751872,1.5626483,0.0,0.0,1.4075019,0.0,1.7674421,0.0,1.4739982,1.5994738,1.5591544,1.1690089,0.0,0.96680266,1.9477152,0.0,1.9860309,1.0523615,2.4164903,1.9046061,2.0208712,0.36068732,1.8978317,2.12571,1.9225012,0.63872993,1.8033094,2.571664,2.1049502,1.844193,3.203434,0.8671388,2.6503875,0.6851652,0.0,0.0,1.3899958,2.3082476,2.6998942,0.0
771,2.2946446,1.5937105,0.0,0.0,1.3532857,0.0,1.7199264,0.0,1.4855164,1.7175897,1.6245712,1.2297665,0.0,1.114521,1.8105029,0.0,2.0690587,1.2885259,2.3555923,1.4416069,2.101197,0.27759048,1.7521107,1.9887276,1.6075013,0.28962508,1.7741352,2.4624207,2.3948538,1.7483459,3.2808914,0.9833754,2.471452,0.86812645,0.0,0.0,1.430892,2.4673724,2.6059062,0.0
772,1.9638542,1.6324083,0.0,0.0,1.2862687,0.0,1.6468236,0.0,1.3955079,1.9140646,1.6899494,1.5386142,0.0,1.2469591,1.497216,0.0,2.2173722,1.4860713,2.1499374,0.8754549,1.9568146,0.38307163,1.593566,1.7083051,1.355247,0.0050758347,1.7483742,2.1182985,2.5813372,1.6364228,3.1949878,1.2283914,2.220357,1.1094742,0.0,0.0,1.3885696,2.5895796,2.1684368,0.0
773,1.5317202,1.7963036,0.0,0.0,1.3926013,0.0,1.6860691,0.0,1.3589245,2.2365835,1.8202034,2.1665854,0.0,1.495072,1.2765385,0.0,2.582943,1.6357427,2.0595088,0.61201847,1.7500648,0.88056797,1.6081448,1.4748447,1.4597591,0.057403408,1.7959976,1.8441201,2.6055448,1.6574962,3.0068426,1.7009037,2.0777595,1.4418377,0.0,0.0,1.4161444,2.7590947,1.6002772,0.0
774,1.0932508,1.8846128,0.0,0.0,1.5145174,0.0,1.6655315,0.0,1.2833686,2.4727614,1.8162516,2.652438,0.0,1.6079667,1.0854217,0.0,2.768835,1.5951784,1.920527,0.59485924,1.4650995,1.4069638,1.6890471,1.2657256,1.7140751,0.32550392,1.7851086,1.6155081,2.3294594,1.6611019,2.6355042,2.0655336,1.9974028,1.6021085,0.0,0.0,1.356894,2.754322,1.035136,0.0
775,0.8357283,1.9499145,0.0,0.0,1.6918945,0.0,1.6813812,0.0,1.3110306,2.6981828,1.8214098,2.9432454,0.0,1.6320034,1.0360435,0.0,2.907408,1.4603108,1.8890686,0.8083648,1.3099241,1.8268123,1.8569725,1.2306694,2.0946703,0.7412305,1.7496002,1.5223655,2.0141172,1.7365328,2.2997591,2.3504562,2.0548277,1.6442463,0.0,0.0,1.2733811,2.7573903,0.7031827,0.0
776,0.8082522,2.0466292,0.0,0.0,1.8856177,0.0,1.6610308,0.0,1.430422,2.9261825,1.8322879,3.0129833,0.0,1.6298692,1.0782787,0.0,3.008869,1.3359616,1.9359182,1.1482995,1.3236393,2.1578336,2.0534117,1.3075359,2.4524884,1.2183564,1.7009342,1.6027054,1.7173992,1.8794101,2.0668983,2.6103687,2.204716,1.5869557,0.0,0.0,1.2149056,2.7438614,0.6092978,0.0
777,0.97336304,2.114886,0.0,0.0,2.091759,0.0,1.5973042,0.0,1.6562221,3.1565924,1.8150537,2.8883147,0.0,1.6001018,1.2494906,0.0,3.0088656,1.2413129,2.0249228,1.5273569,1.4677047,2.4124823,2.2647345,1.4220225,2.7883146,1.7272689,1.6502438,1.8225713,1.451514,2.017146,1.8761379,2.8442235,2.3859208,1.4755213,0.0,0.0,1.2006253,2.7238855,0.6962029,0.0
778,1.3101373,2.0532415,0.0,0.0,2.267324,0.0,1.4812788,0.0,1.9509826,3.3265564,1.7439235,2.4627903,0.0,1.5177493,1.4706783,0.0,2.8611622,1.1132355,2.0930493,1.9318662,1.7176613,2.598677,2.3685973,1.5152462,2.974016,2.2464807,1.4965444,2.1136813,1.1777358,2.0869143,1.6552565,2.9582348,2.501959,1.291305,0.0,0.0,1.146492,2.5739965,0.87499607,0.0
779,1.9499878,2.0060434,0.0,0.0,2.4731464,0.0,1.461631,0.0,2.417941,3.3939083,1.7253855,1.8782619,0.0,1.5509806,1.994351,0.0,2.6759531,1.2261794,2.299143,2.5034335,2.1495688,2.7731228,2.494832,1.6815104,2.9607677,2.7500181,1.4038705,2.5238976,1.0774431,2.166373,1.6005083,3.0838046,2.6247869,1.2669786,0.0,0.0,1.2486855,2.3412633,1.2918694,0.0
780,2.554591,1.8313663,0.0,0.0,2.5042286,0.0,1.5214269,0.0,2.7698114,3.1416445,1.6840857,1.2610242,0.0,1.6094804,2.535845,0.0,2.3298483,1.4121718,2.4193084,2.944165,2.474977,2.7484133,2.4464643,1.716275,2.5593078,2.973984,1.3181765,2.7830718,1.1228968,2.0645885,1.5890676,2.9884293,2.5120754,1.3594941,0.0,0.0,1.4532789,1.9600277,1.6659049,0.0
781,2.8182766,1.6164337,0.0,0.0,2.3689888,0.0,1.5956316,0.0,2.823204,2.657182,1.6197319,0.78303254,0.0,1.6560421,2.8299322,0.0,1.974849,1.590286,2.3695457,3.0626886,2.5313993,2.5470588,2.2890067,1.5638744,1.959105,2.818593,1.2417724,2.7719986,1.191811,1.8049438,1.5426555,2.7503195,2.213908,1.4557203,0.0,0.0,1.628221,1.4969934,1.8387035,0.0
782,2.8638906,1.5146289,0.0,0.0,2.220844,0.0,1.7113587,0.0,2.7380183,2.2143552,1.5884671,0.5574285,0.0,1.750598,2.9406126,0.0,1.7710373,1.7173866,2.2811267,3.0198925,2.4391882,2.3498402,2.1955059,1.3523513,1.4834528,2.5660498,1.1876652,2.6494527,1.2718648,1.5409082,1.5049132,2.5387344,1.9416196,1.566168,0.0,0.0,1.7953188,1.1625631,1.8666024,0.0
783,2.8138137,1.5209329,0.0,0.0,2.134017,0.0,1.863993,0.0,2.6211066,1.9329911,1.6774815,0.53636086,0.0,1.887114,3.0019827,0.0,1.7609317,1.8568236,2.2670894,3.0004776,2.281655,2.2561448,2.269385,1.1851845,1.2115391,2.3548281,1.2275838,2.5236297,1.3455946,1.3626472,1.5044047,2.4379182,1.7211019,1.7342275,0.0,0.0,1.9789829,0.9806431,1.8204614,0.0
784,2.6274164,1.5492847,0.0,0.0,2.0342925,0.0,1.9362082,0.0,2.4270716,1.7022132,1.7678013,0.553015,0.0,1.9973407,2.9080963,0.0,1.7880127,1.9245088,2.2348042,2.908777,2.018278,2.1420186,2.3851197,1.0088025,1.0498432,2.1497476,1.2453055,2.3200552,1.3224407,1.1975745,1.4430469,2.326583,1.4793344,1.8408259,0.0,0.0,2.1113875,0.85128206,1.6765941,0.0
785,2.39696,1.653322,0.0,0.0,1.953284,0.0,1.9102515,0.0,2.2177775,1.593912,1.8625424,0.60868436,0.0,2.0996697,2.7668498,0.0,1.8400152,1.9792928,2.2253006,2.8036695,1.7181987,2.0242336,2.5589106,0.9024555,1.0469033,1.986408,1.2809736,2.1039367,1.2482092,1.1439475,1.3633662,2.2741132,1.2679838,1.9332604,0.0,0.0,2.1969066,0.8097821,1.525613,0.0
786,2.1539435,1.7765653,0.0,0.0,1.8882904,0.0,1.8168788,0.0,2.0320601,1.5426524,1.9783294,0.6592086,0.0,2.1917489,2.5857048,0.0,1.9588923,1.9695455,2.1904593,2.7089221,1.4460313,1.9118044,2.7513263,0.91519684,1.218652,1.8739644,1.27933,1.9354949,1.1580607,1.2158331,1.2779448,2.2722082,1.1296288,1.958861,0.0,0.0,2.1787353,0.8984835,1.3942536,0.0
787,1.9040805,1.8485439,0.0,0.0,1.7745137,0.0,1.6076823,0.0,1.8573155,1.5179105,2.0548482,0.6100384,0.0,2.1817465,2.3606083,0.0,2.0303867,1.9359426,2.1387353,2.601865,1.2135434,1.7274028,2.8071527,0.958059,1.4211076,1.8482407,1.2576177,1.728393,1.0317147,1.3686094,1.1505433,2.2165022,0.9455884,1.9145001,0.0,0.0,2.104932,0.97196573,1.2689006,0.0
788,1.7357802,1.8846412,0.0,0.0,1.6601961,0.0,1.3129163,0.0,1.7742547,1.5486857,2.1114066,0.5025629,0.0,2.1223543,2.221545,0.0,2.0895362,1.9514451,2.0754504,2.538256,1.115945,1.5349731,2.739687,1.0653079,1.6621975,1.9274422,1.2425203,1.5474813,0.9359977,1.661816,1.0530344,2.1812363,0.7935373,1.8621362,0.0,0.0,2.0132973,1.0520211,1.2084166,0.0
789,1.743557,1.8696107,0.0,0.0,1.5697979,0.0,0.97138995,0.0,1.8175744,1.6147741,2.1268725,0.39238605,0.0,2.0612032,2.2378418,0.0,2.1181798,1.9626027,1.926961,2.5028603,1.1803786,1.3915964,2.5253084,1.283648,1.9293591,2.052014,1.2159766,1.5295966,0.94409144,2.071154,0.99349445,2.227991,0.7350661,1.8120819,0.0,0.0,1.9007874,1.1732148,1.2335813,0.0
790,1.8707095,1.782013,0.0,0.0,1.4486078,0.0,0.59985167,0.0,1.9955249,1.6807697,2.0671716,0.32118776,0.0,1.953628,2.34397,0.0,2.065953,2.0018208,1.7023522,2.5001094,1.3807331,1.311671,2.0863826,1.5065734,2.0875638,2.1202838,1.1773827,1.5721228,1.0495982,2.480867,0.9940914,2.3328393,0.7498955,1.7574334,0.0,0.0,1.7844625,1.2456964,1.3123626,0.0
791,2.0537863,1.623662,0.0,0.0,1.3173119,0.0,0.34811184,0.0,2.202966,1.6526977,1.9171728,0.3655154,0.0,1.8820603,2.506608,0.0,2.0056024,2.0445623,1.4365566,2.487679,1.6301218,1.335171,1.505727,1.655615,2.0299242,2.0619133,1.1788502,1.6200477,1.1943532,2.7784307,1.0288082,2.3788404,0.82387215,1.7369733,0.0,0.0,1.7366159,1.217612,1.364209,0.0
792,2.19085,1.459301,0.0,0.0,1.1874658,0.0,0.28930458,0.0,2.3595607,1.5255578,1.7216997,0.50525326,0.0,1.8512921,2.6187491,0.0,1.967984,2.082241,1.1760751,2.5131023,1.8143021,1.4133586,0.9716995,1.6579254,1.7775253,1.8737587,1.198738,1.6259922,1.3417356,2.8413699,1.0395633,2.3917851,0.9124162,1.73081,0.0,0.0,1.7306981,1.1397927,1.3181621,0.0
793,2.2468436,1.3680067,0.0,0.0,1.0480837,0.0,0.4047809,0.0,2.4902172,1.3100607,1.5467678,0.71200347,0.0,1.9189978,2.626035,0.0,1.9879806,2.096275,0.9818896,2.5166864,1.90321,1.5213885,0.54414016,1.5192105,1.425409,1.6298361,1.2419025,1.5179206,1.4533371,2.722832,1.0229101,2.344022,1.00908,1.7991205,0.0,0.0,1.7954392,1.0540527,1.2310905,0.0
794,2.1703794,1.3714126,0.0,0.0,0.87811655,0.0,0.6274195,0.0,2.5406418,1.0076587,1.383181,0.9280912,0.0,2.0854907,2.4780965,0.0,2.039584,2.013382,0.90408427,2.496791,1.8872178,1.5668722,0.28397274,1.3169885,1.0513154,1.3591778,1.2358968,1.3234576,1.5320911,2.4297745,0.91724575,2.1611307,1.0486912,1.9193324,0.0,0.0,1.8523117,1.0248109,1.1005355,0.0
795,2.0126588,1.4660097,0.0,0.0,0.7852314,0.0,0.91075444,0.0,2.4764931,0.69779795,1.2429425,1.044212,0.0,2.319644,2.1590168,0.0,2.1345558,1.8056701,1.0265883,2.4685638,1.7832202,1.5393842,0.19657505,1.0647753,0.71945536,1.1070104,1.2923634,1.0398399,1.6186246,2.0089877,0.75688505,1.7886131,1.0900589,2.0579743,0.0,0.0,1.8405744,1.1611732,0.94509274,0.0
796,1.8262451,1.6263092,0.0,0.0,0.77881396,0.0,1.1542543,0.0,2.3055644,0.46768343,1.0866653,1.0146532,0.0,2.516665,1.7876999,0.0,2.1091118,1.4567089,1.290225,2.3181531,1.6617558,1.390267,0.27059245,0.90454274,0.5804038,0.9589695,1.3784506,0.8498703,1.7078232,1.6042246,0.6497985,1.3304479,1.1378952,2.1609156,0.0,0.0,1.717109,1.4276819,0.83623725,0.0
797,1.6129358,1.7174168,0.0,0.0,0.81083417,0.0,1.2828819,0.0,2.101242,0.3496595,0.9896484,0.83769447,0.0,2.5231235,1.4758855,0.0,1.9960822,1.1366439,1.5978132,2.1662424,1.6035229,1.1898235,0.3341386,0.84844375,0.56016016,0.95982736,1.4719952,0.7322132,1.8014363,1.3619637,0.6257146,0.85518086,1.1121095,2.1754062,0.0,0.0,1.5215833,1.6512388,0.8092653,0.0
798,1.5368599,1.7583939,0.0,0.0,0.89330727,0.0,1.2956785,0.0,1.9583206,0.33596367,0.9645634,0.6218899,0.0,2.455911,1.3317325,0.0,1.8275832,0.95589715,1.8643949,2.0267866,1.6577502,1.0231953,0.33216935,0.910133,0.63405526,1.0567282,1.5705149,0.73418397,1.9244814,1.2988453,0.68410397,0.55378056,1.0722038,2.175645,0.0,0.0,1.3743443,1.7934852,0.86290103,0.0
799,1.5296161,1.6968596,0.0,0.0,0.9512085,0.0,1.1996969,0.0,1.8687342,0.29367465,0.92734635,0.40110257,0.0,2.3319244,1.2847422,0.0,1.5954014,0.8399017,1.9979637,1.8706026,1.7289144,0.8944579,0.24100173,1.0088599,0.72123575,1.1389534,1.6030113,0.8148476,2.0543492,1.3179044,0.7429391,0.36076146,1.0062922,2.1253211,0.0,0.0,1.26242,1.8531927,0.9050469,0.0
800,1.5776672,1.5809114,0.0,0.0,1.0286239,0.0,1.0728401,0.0,1.8225254,0.2414033,0.9173948,0.21960416,0.0,2.1921222,1.351852,0.0,1.3912094,0.8325162,2.0591443,1.7545784,1.8449577,0.8367056,0.08653635,1.1446533,0.79916567,1.2235495,1.6222456,0.9421639,2.1835496,1.3860288,0.8205083,0.25790402,0.98527324,2.0751038,0.0,0.0,1.175934,1.8487842,0.9911567,0.0
801,1.6657515,1.4266821,0.0,0.0,1.1473777,0.0,0.99471956,0.0,1.8112695,0.19952638,0.9211902,0.15699992,0.0,2.0533123,1.5215197,0.0,1.2096642,0.9057697,2.085988,1.6935959,1.9606217,0.87468284,0.0,1.2926862,0.85489225,1.3092985,1.6933246,1.1689936,2.3155136,1.5118332,0.95335865,0.2829662,0.9889467,2.0673628,0.0,0.0,1.2013971,1.7563996,1.0604287,0.0
802,1.7700557,1.2485589,0.0,0.0,1.3386605,0.0,1.018431,0.0,1.7986008,0.16036142,0.9559321,0.2528771,0.0,1.8995936,1.8120714,0.0,1.0875504,1.1029357,2.072894,1.673652,2.0666165,1.053815,0.0,1.4728956,0.8954917,1.4217662,1.8340117,1.4630367,2.4400477,1.6944889,1.1704487,0.46904206,1.0683604,2.0901513,0.0,0.0,1.3087814,1.5830197,1.1456872,0.0
803,1.8274046,0.9886319,0.0,0.0,1.6088023,0.0,1.1351637,0.0,1.675508,0.12658818,0.99181503,0.5819305,0.0,1.6765927,2.1590052,0.0,1.0067439,1.4161437,1.9445693,1.671252,2.0895135,1.3154062,0.0,1.6786616,0.89978236,1.4762444,1.9551215,1.7967508,2.4692824,1.8306985,1.3973533,0.8394968,1.1627318,2.0558949,0.0,0.0,1.4495585,1.2429843,1.194404,0.0
804,1.8903089,0.8640911,0.0,0.0,2.0999856,0.0,1.5726775,0.0,1.4584465,0.37931854,1.1251671,1.3956738,0.0,1.4926739,2.7044792,0.0,1.2560654,1.9477804,1.8560485,1.8145293,2.0239377,1.8378316,0.0,1.967994,0.9646703,1.6134409,2.1594045,2.2226944,2.3510034,2.0497649,1.7926607,1.6393609,1.5059254,2.0578802,0.0,0.0,1.6710284,0.8412207,1.3098017,0.0
805,1.7904537,0.94505,0.0,0.0,2.5059452,0.0,2.1650062,0.0,1.1459244,0.7822904,1.2728105,2.3246226,0.0,1.3651866,3.0370765,0.0,1.7071155,2.3747938,1.7697682,1.930281,1.7437567,2.252885,0.60255927,2.1764941,1.1261421,1.6672131,2.212864,2.422568,2.0167942,2.0483012,2.0900044,2.4600348,1.8172008,1.8877987,0.0,0.0,1.7319459,0.6395336,1.4427,0.0
806,1.7029958,1.1770045,0.0,0.0,2.6684442,0.0,2.6158464,0.0,0.9668268,1.2158452,1.4270802,3.0004172,0.0,1.3265758,3.1903448,0.0,2.0899644,2.5634534,1.8025109,2.069223,1.5402972,2.4604392,1.2773101,2.2895339,1.3231204,1.6402129,2.0787616,2.4281826,1.7528462,1.8968331,2.2761126,3.012343,2.0659673,1.7919283,0.0,0.0,1.6358854,0.7503765,1.5551881,0.0
807,1.6277373,1.52408,0.0,0.0,2.716651,0.0,2.88098,0.0,0.8666867,1.5594127,1.5247725,3.3612897,0.0,1.3564944,3.1970494,0.0,2.3405957,2.6139274,1.8656858,2.118852,1.4584281,2.4885912,1.7890723,2.322916,1.4644082,1.6237355,2.042682,2.2018304,1.6250422,1.764935,2.34135,3.313189,2.1852357,1.8025463,0.0,0.0,1.4590093,0.9306914,1.6667457,0.0
808,1.6046609,1.8952223,0.0,0.0,2.7092702,0.0,3.0595198,0.0,0.80166185,1.7923641,1.6162907,3.5740402,0.0,1.4556043,3.2393527,0.0,2.52689,2.6491768,1.9719805,2.0886633,1.4898481,2.437659,2.1633701,2.3639593,1.5681821,1.5241301,2.0031083,1.9163502,1.6188657,1.6233141,2.409338,3.4656591,2.2974122,1.9060701,0.0,0.0,1.2575192,1.1968764,1.789239,0.0
809,1.5953315,2.2143168,0.0,0.0,2.642672,0.0,3.1094038,0.0,0.7533148,1.9151659,1.682274,3.6210818,0.0,1.5834802,3.2824218,0.0,2.6077542,2.6459866,2.0676305,1.9826418,1.5820843,2.304798,2.3776493,2.4052982,1.6062053,1.417628,1.9404877,1.5504857,1.7021832,1.4938604,2.4424255,3.5155344,2.3347986,2.019755,0.0,0.0,1.0416691,1.4868572,1.8687782,0.0
810,1.5826799,2.4667168,0.0,0.0,2.4799356,0.0,3.0297213,0.0,0.70845944,1.926014,1.7355169,3.507739,0.0,1.7099054,3.3028183,0.0,2.584279,2.600509,2.1218157,1.8011208,1.7048274,2.0851042,2.4471898,2.4196177,1.5910968,1.2673904,1.8416399,1.1352518,1.8313056,1.3590093,2.4171734,3.423717,2.3230383,2.0939186,0.0,0.0,0.8098513,1.7796984,1.9192275,0.0
811,1.5708652,2.6196496,0.0,0.0,2.2445726,0.0,2.821166,0.0,0.68377256,1.8589873,1.7749387,3.2471986,0.0,1.8139131,3.2961059,0.0,2.4522686,2.4785695,2.146113,1.5350602,1.8471042,1.8346765,2.367274,2.395607,1.5487019,1.0774444,1.73053,0.7673492,1.9588667,1.2472422,2.33825,3.2082438,2.2393327,2.119607,0.0,0.0,0.6253205,2.0338702,1.9063326,0.0
812,1.5673366,2.6837943,0.0,0.0,2.002527,0.0,2.53235,0.0,0.6921066,1.738404,1.830146,2.9026566,0.0,1.8957243,3.289248,0.0,2.29318,2.3306787,2.1714044,1.2783881,1.9604512,1.6333641,2.2285054,2.355241,1.5473396,0.91766584,1.6016614,0.5247681,2.0655184,1.1678218,2.2413905,2.93697,2.166037,2.0787184,0.0,0.0,0.537307,2.224206,1.8753302,0.0
813,1.53233,2.662218,0.0,0.0,1.7924005,0.0,2.2094321,0.0,0.6861297,1.5697366,1.8751882,2.527068,0.0,1.9354849,3.285719,0.0,2.1124895,2.1913955,2.1958487,1.0223398,1.9902555,1.5083358,2.09115,2.2975216,1.5854982,0.7944474,1.4704041,0.43944046,2.0604951,1.118238,2.1273057,2.6455047,2.1171935,1.9431666,0.0,0.0,0.5562794,2.2868497,1.8244599,0.0
814,1.4674451,2.6178415,0.0,0.0,1.6860136,0.0,1.9554992,0.0,0.69352317,1.3978384,1.9467545,2.2054486,0.0,1.931946,3.3429277,0.0,1.9946026,2.0980442,2.2879074,0.82187545,1.9437019,1.5417944,2.0727994,2.270362,1.7329636,0.75005424,1.3750172,0.63004863,1.9245843,1.1616594,2.0509987,2.4119337,2.1498272,1.7132932,0.0,0.0,0.74778867,2.2093222,1.794875,0.0
815,1.2863481,2.4548569,0.0,0.0,1.6498204,0.0,1.7423139,0.0,0.71697164,1.164393,1.9737054,1.8499081,0.0,1.7569382,3.293919,0.0,1.8609567,1.9825773,2.435116,0.70710033,1.727349,1.7034699,2.1948755,2.1413922,2.0194476,0.84726876,1.2868476,1.2261997,1.5019939,1.2721175,1.978633,2.15548,2.1994188,1.2986423,0.0,0.0,1.1614828,1.8399498,1.7359225,0.0
816,1.2753754,2.2403321,0.0,0.0,1.8739904,0.0,1.8169911,0.0,1.1051533,1.1892059,1.950263,1.6553451,0.0,1.527874,3.0734196,0.0,1.9260701,1.9321377,2.7947674,1.1115956,1.489261,2.0447733,2.512852,1.9748971,2.5079405,1.3560137,1.4521621,2.3833606,1.0274343,1.6772467,2.0736933,2.067068,2.3115146,0.9532583,0.0,0.0,1.8535111,1.3268281,1.7636915,0.0
817,1.3987688,2.0140145,0.0,0.0,2.105195,0.0,2.0449133,0.0,1.5376718,1.3578286,1.8279426,1.6441536,0.0,1.2914629,2.692718,0.0,2.0473197,1.8386742,2.985205,1.7102256,1.3824109,2.176504,2.7049751,1.7934307,2.7643325,1.8533964,1.6660678,3.1989038,0.84205085,2.0065942,2.1843367,2.0704467,2.2743974,0.851055,0.0,0.0,2.2785437,1.0386236,1.8018342,0.0
818,1.4863813,1.8644128,0.0,0.0,2.1794963,0.0,2.2132926,0.0,1.7609642,1.4607589,1.6428092,1.614038,0.0,1.0873716,2.362875,0.0,2.0252452,1.7422471,3.0008912,2.0370646,1.3507683,2.1009839,2.7316883,1.61493,2.8158476,2.0922925,1.7447231,3.5192828,0.81723475,2.1303017,2.2339525,2.0845923,2.1369631,0.85889196,0.0,0.0,2.3973055,0.9386967,1.7745115,0.0
819,1.5747155,1.837143,0.0,0.0,2.1823528,0.0,2.365861,0.0,1.8877456,1.5082929,1.491274,1.5856787,0.0,0.9377413,2.1570485,0.0,1.9437839,1.6676583,3.0267224,2.1744697,1.391193,1.945103,2.712947,1.4410301,2.832518,2.236062,1.7803586,3.6421182,0.87046015,2.2004275,2.302054,2.0960722,1.9817923,0.91818386,0.0,0.0,2.432548,0.9535351,1.7296436,0.0
820,1.7093117,1.8945706,0.0,0.0,2.161207,0.0,2.5404243,0.0,1.9962463,1.5529987,1.4004203,1.5650369,0.0,0.8325985,2.0717006,0.0,1.8530306,1.6362439,3.1132934,2.244558,1.4942287,1.7540355,2.7124844,1.2680833,2.8889122,2.3652194,1.8136574,3.683661,1.0224555,2.2907875,2.4278312,2.1494594,1.8637516,1.0581532,0.0,0.0,2.4711795,1.1011294,1.6944498,0.0
821,1.8747987,1.9877142,0.0,0.0,2.0370338,0.0,2.694809,0.0,2.091649,1.548818,1.3399813,1.5345315,0.0,0.74748945,2.0549116,0.0,1.7549837,1.5916675,3.184006,2.230703,1.65005,1.4782565,2.657901,1.0463018,2.9596992,2.480953,1.8111374,3.6182823,1.2615916,2.3693054,2.5907521,2.1980674,1.7279269,1.2455525,0.0,0.0,2.4729877,1.3792717,1.63462,0.0
822,2.0124106,2.0308764,0.0,0.0,1.7232368,0.0,2.7227564,0.0,2.1035395,1.4438962,1.2787722,1.4665961,0.0,0.659561,2.024408,0.0,1.5763175,1.4437892,3.0656374,2.0401487,1.7491436,1.0532252,2.4562356,0.7248169,2.9520433,2.509398,1.7002192,3.2875473,1.5405145,2.3957222,2.6662266,2.1812558,1.5031166,1.4564503,0.0,0.0,2.364777,1.780779,1.4814588,0.0
823,2.1710565,2.0400233,0.0,0.0,1.3080245,0.0,2.6583934,0.0,2.0909495,1.3132082,1.3329408,1.502206,0.0,0.72223073,2.1249804,0.0,1.5337138,1.2505487,2.780371,1.8379858,1.8408602,0.66709346,2.128181,0.43573618,2.8249729,2.4816456,1.5926166,2.7525458,1.9377993,2.4318833,2.6680696,2.1613193,1.3801671,1.7299482,0.0,0.0,2.163392,2.3415031,1.355879,0.0
824,2.2284617,1.9665382,0.0,0.0,0.9605492,0.0,2.469335,0.0,2.0547435,1.2020206,1.4819618,1.6664666,0.0,0.959928,2.2929857,0.0,1.6969492,1.0445491,2.3749998,1.7604432,1.8011578,0.49036235,1.7905798,0.3242286,2.6174014,2.4220462,1.5592165,2.083922,2.2627974,2.4091325,2.5397713,2.1735516,1.3759156,1.9486313,0.0,0.0,1.8472462,2.874125,1.3136948,0.0
825,2.1726198,1.7870144,0.0,0.0,0.80424607,0.0,2.2203133,0.0,1.9943761,1.1697775,1.6612356,1.9256914,0.0,1.2422833,2.4333124,0.0,1.9265188,0.87194216,1.9380307,1.8265791,1.6684183,0.49725354,1.5324285,0.39808807,2.3632832,2.359189,1.6119814,1.5603116,2.3754306,2.3743384,2.2869914,2.1582088,1.5257317,2.0242352,0.0,0.0,1.5048825,3.173883,1.4402373,0.0
826,2.006811,1.546803,0.0,0.0,0.8192738,0.0,1.9790229,0.0,1.9830891,1.1694362,1.7509751,2.1621513,0.0,1.4370556,2.482163,0.0,2.1472008,0.67104447,1.4651521,1.9675815,1.4732138,0.64537376,1.3804216,0.57220566,2.1063669,2.345446,1.7473531,1.2607033,2.247645,2.2950966,1.8952757,2.061763,1.7555048,1.960186,0.0,0.0,1.1927849,3.2021394,1.6970547,0.0
827,1.7504596,1.250659,0.0,0.0,0.9287789,0.0,1.7089727,0.0,1.9335138,1.1208582,1.7123122,2.2207482,0.0,1.484944,2.358747,0.0,2.2163045,0.43454704,1.024687,2.1211069,1.2493551,0.8022838,1.2674184,0.79497004,1.7970837,2.3403983,1.8597301,1.1554288,1.881842,2.065789,1.3846464,1.799547,1.9200606,1.7035507,0.0,0.0,0.8753046,2.9806442,1.9279453,0.0
828,1.5395626,0.99048734,0.0,0.0,1.257402,0.0,1.4938954,0.0,1.9413705,1.1068865,1.5681039,2.18381,0.0,1.4805052,2.2044473,0.0,2.193189,0.33627614,0.8093381,2.3526838,1.1479517,1.0092068,1.3074343,1.1387981,1.4546679,2.286638,1.9797364,1.3161004,1.5120614,1.8454489,0.931237,1.49086,2.0411005,1.3835984,0.0,0.0,0.6393194,2.6886597,2.1527076,0.0
829,1.4984919,0.8773929,0.0,0.0,1.6525443,0.0,1.3584753,0.0,1.9950911,1.0987588,1.4517103,2.0629706,0.0,1.4097908,2.0921705,0.0,2.075845,0.30248168,0.7829588,2.5460489,1.2532474,1.1590304,1.4326422,1.4664481,1.1831053,2.2517984,2.0972948,1.5317514,1.3324084,1.6277367,0.65154725,1.158927,2.1044848,1.1812754,0.0,0.0,0.4775829,2.39325,2.3670287,0.0
830,1.566263,0.8538252,0.0,0.0,1.9618647,0.0,1.230885,0.0,2.003066,1.0501709,1.351565,1.8727007,0.0,1.2975873,1.9520991,0.0,1.864317,0.35159656,0.8973815,2.6320055,1.4828925,1.1600736,1.5452297,1.7156204,0.92387676,2.1352437,2.1548274,1.6799263,1.3114827,1.4064887,0.5040479,0.8193484,2.0831645,1.0257658,0.0,0.0,0.3799421,2.1626313,2.4744024,0.0
831,1.7359881,0.8925499,0.0,0.0,2.2040133,0.0,1.1883218,0.0,2.0225198,1.0347997,1.3382133,1.6801172,0.0,1.2118049,1.9059374,0.0,1.6608021,0.49017164,1.0865458,2.6647568,1.8078068,1.1247858,1.7114346,1.8572743,0.74006355,2.0332937,2.2016308,1.7541075,1.5111917,1.238727,0.57825655,0.48786795,1.9926592,1.011739,0.0,0.0,0.39454043,2.0588787,2.5191166,0.0
832,1.966027,0.9011879,0.0,0.0,2.2973895,0.0,1.1616968,0.0,1.9871417,1.0148935,1.4158643,1.4979483,0.0,1.1496687,1.9068598,0.0,1.5178249,0.67079616,1.3133934,2.6221163,2.0933995,1.0341114,1.844954,1.8986454,0.57244897,1.8802928,2.1718864,1.690523,1.8258424,1.0886546,0.7750699,0.18396717,1.8433906,1.0824473,0.0,0.0,0.46224555,2.0674448,2.4454687,0.0
833,2.2764485,0.957145,0.0,0.0,2.3234167,0.0,1.2742351,0.0,1.9928056,1.1071901,1.6611426,1.4265012,0.0,1.2422533,2.061304,0.0,1.6090368,0.9918073,1.6666356,2.6625445,2.3696368,1.033344,2.025874,1.9430573,0.4771703,1.7596805,2.1294124,1.6104709,2.2499454,1.0564383,1.1617547,0.015826166,1.7888477,1.2484474,0.0,0.0,0.64652276,2.2754555,2.3538826,0.0
834,2.5052457,0.9809512,0.0,0.0,2.2504177,0.0,1.4316089,0.0,1.977826,1.269914,2.0573328,1.4364625,0.0,1.4564705,2.2177715,0.0,1.9520667,1.3713149,2.0604415,2.77043,2.476151,1.1449261,2.1935763,1.9504097,0.42275524,1.5997086,1.9335941,1.5193921,2.5805776,1.1022992,1.6040635,0.0,1.767255,1.31519,0.0,0.0,0.90783846,2.5952597,2.1626697,0.0
835,2.5561097,0.9137492,0.0,0.0,1.948484,0.0,1.5163964,0.0,1.8860122,1.4479947,2.4355743,1.4543749,0.0,1.7173846,2.3235033,0.0,2.439162,1.6708916,2.3061833,2.8422568,2.2779732,1.3143326,2.2354934,1.8132379,0.39031386,1.4100014,1.5810682,1.3775129,2.6665404,1.1648579,2.0259128,0.06119597,1.7158786,1.2696266,0.0,0.0,1.1246355,2.85049,1.9162427,0.0
836,2.361776,0.7979765,0.0,0.0,1.4958556,0.0,1.5364031,0.0,1.771114,1.6899016,2.7265003,1.5215803,0.0,1.9718667,2.3326983,0.0,2.9698308,1.7932718,2.3241234,2.953538,1.766333,1.4998169,2.0725834,1.5629022,0.45395732,1.210641,1.0976243,1.2415494,2.4633286,1.251645,2.258932,0.3618909,1.6261926,1.1484716,0.0,0.0,1.2801923,2.909812,1.6280112,0.0
837,2.0201795,0.7845818,0.0,0.0,1.0919688,0.0,1.5900915,0.0,1.7250524,1.9010329,2.7855194,1.6099693,0.0,2.1269505,2.26462,0.0,3.3387287,1.6661888,2.1325717,3.037581,1.1472324,1.717361,1.7437203,1.3467327,0.70048106,1.1077597,0.73105997,1.2835134,2.0441544,1.4000736,2.2703133,0.8839371,1.4836651,1.0183449,0.0,0.0,1.3872608,2.744113,1.4489285,0.0
838,1.635315,0.88533646,0.0,0.0,0.8567859,0.0,1.700497,0.0,1.6815633,2.044978,2.5398524,1.6314698,0.0,2.1118217,2.2506962,0.0,3.3898795,1.4186043,1.7850388,3.1551394,0.68731743,1.8823384,1.3381674,1.220623,1.0434078,1.0987273,0.6576089,1.5127286,1.5898228,1.6327211,2.0406203,1.5101614,1.3468508,0.85655725,0.0,0.0,1.444981,2.3908076,1.4401759,0.0
839,1.2031087,0.9119973,0.0,0.0,0.6525893,0.0,1.6501583,0.0,1.5775384,2.063876,2.156782,1.4641416,0.0,1.9113791,2.060975,0.0,3.1496646,0.9787525,1.3516474,3.0459898,0.36210206,1.8381513,0.8560793,1.0882041,1.3103617,1.0729719,0.68367046,1.6095598,1.1754175,1.6517961,1.6644583,1.8437335,1.1805464,0.7355075,0.0,0.0,1.3336031,1.9994743,1.3933513,0.0
840,0.9509127,1.0512589,0.0,0.0,0.59055716,0.0,1.5166484,0.0,1.5701135,2.1427476,1.8464063,1.3234544,0.0,1.7655677,1.9150108,0.0,2.9123414,0.6148373,1.1010386,2.9861386,0.2434037,1.7008897,0.4969285,1.0690787,1.5544931,1.1087234,0.78035444,1.6306163,0.9723208,1.6547568,1.4648215,2.025035,1.1095022,0.75602883,0.0,0.0,1.1648283,1.7730805,1.4178163,0.0
841,0.8766422,1.2742414,0.0,0.0,0.6100975,0.0,1.3536843,0.0,1.5854756,2.260815,1.6238787,1.1956036,0.0,1.6999555,1.7814361,0.0,2.7031713,0.3155399,0.98849857,2.97002,0.24425834,1.5074669,0.24629194,1.1489321,1.7780823,1.1930476,0.92656344,1.6340426,0.9259361,1.6853877,1.3988494,2.0608854,1.1086344,0.847635,0.0,0.0,0.98974544,1.6932198,1.48969,0.0
842,0.9031496,1.512896,0.0,0.0,0.6943573,0.0,1.161446,0.0,1.5470898,2.3586369,1.435151,1.0118538,0.0,1.682903,1.5912746,0.0,2.5205448,0.09635671,0.98085576,2.922908,0.29234222,1.2515415,0.11402398,1.3185496,1.9547682,1.205495,1.1070663,1.5742849,1.0040834,1.7520341,1.4158553,1.9143934,1.1698114,0.9119944,0.0,0.0,0.8088319,1.7490984,1.5627064,0.0
843,1.0391589,1.7884907,0.0,0.0,0.9694164,0.0,1.0850289,0.0,1.4913679,2.461557,1.3180735,0.8669363,0.0,1.7243878,1.4356079,0.0,2.481525,0.0,1.2196186,2.8744519,0.47275436,1.0878724,0.21852034,1.6133944,2.1912258,1.2072471,1.4744098,1.47577,1.3531798,1.8496155,1.5860617,1.571795,1.3908752,1.0721366,0.0,0.0,0.71522105,1.9866961,1.6609867,0.0
844,1.161502,1.92589,0.0,0.0,1.3946972,0.0,1.0871862,0.0,1.310629,2.3923368,1.1385703,0.73543894,0.0,1.736501,1.1865004,0.0,2.4910114,0.094506584,1.621365,2.69369,0.6770286,0.99743706,0.55028784,1.9454494,2.2446468,1.1001734,1.7903601,1.3326164,1.7552562,1.937132,1.7724394,0.97750604,1.7007521,1.0758222,0.0,0.0,0.6782484,2.206924,1.6439162,0.0
845,1.3745708,1.9313331,0.0,0.0,1.9090922,0.0,1.2423085,0.0,1.1818757,2.292462,1.0772351,0.8479861,0.0,1.7873973,1.1251837,0.0,2.5992086,0.4339663,2.1007426,2.4775364,0.9546961,1.058988,1.2167938,2.2680657,2.2287333,1.1145475,2.144803,1.2729211,2.2242885,2.0493145,1.993507,0.45714217,2.140734,1.2134017,0.0,0.0,0.76383436,2.3372502,1.6816465,0.0
846,1.613735,2.0246713,0.0,0.0,2.4180393,0.0,1.619308,0.0,1.2737621,2.2746909,1.1951602,1.2431265,0.0,1.9394405,1.3087683,0.0,2.945309,0.9323819,2.6650836,2.4564166,1.2571071,1.4184365,1.9947739,2.5790033,2.2054632,1.284716,2.3614328,1.4430255,2.6118553,2.278796,2.3232393,0.37556762,2.618739,1.396912,0.0,0.0,0.971702,2.4065292,1.7984298,0.0
847,1.7287396,1.9972079,0.0,0.0,2.736244,0.0,1.9046711,0.0,1.4036946,2.2561226,1.2570782,1.6289848,0.0,2.0091872,1.4186128,0.0,3.2100809,1.2555054,3.0015826,2.4669814,1.4618956,1.7875091,2.5278952,2.6942325,2.135647,1.4340234,2.4130368,1.6473956,2.8149915,2.4158976,2.4825048,0.43305025,2.9169257,1.4750749,0.0,0.0,1.0907122,2.3208365,1.8799286,0.0
848,1.6666212,1.8804865,0.0,0.0,2.8613138,0.0,2.0567923,0.0,1.5355843,2.2027855,1.1917167,1.9241585,0.0,1.9441197,1.4092519,0.0,3.321755,1.3575234,3.0666249,2.411164,1.5416498,2.06652,2.7582688,2.6583629,2.0150745,1.5087038,2.3206363,1.7917506,2.8579533,2.4530585,2.444816,0.49467778,3.0129259,1.4472605,0.0,0.0,1.0908554,2.0641603,1.8722218,0.0
849,1.4423513,1.7128326,0.0,0.0,2.8408337,0.0,2.1002681,0.0,1.6670638,2.0978427,1.0129708,2.1638353,0.0,1.745482,1.2779026,0.0,3.2470925,1.2503793,2.901714,2.277094,1.5700511,2.2773235,2.7363245,2.4990091,1.852719,1.4987327,2.1260674,1.8692955,2.7927434,2.3962579,2.2215872,0.57359415,2.926864,1.3423219,0.0,0.0,0.98318887,1.6630595,1.7824081,0.0
850,1.0960778,1.5423577,0.0,0.0,2.6798892,0.0,2.0781,0.0,1.858081,1.9413748,0.76487243,2.4355006,0.0,1.3975774,1.080578,0.0,2.9328482,0.9787092,2.4861777,2.055456,1.6356331,2.4345853,2.4470959,2.2240334,1.6658057,1.4239793,1.8978297,1.8929005,2.6756246,2.2693698,1.8004817,0.77795035,2.6414173,1.2302448,0.0,0.0,0.79716384,1.1294281,1.6132966,0.0
851,0.739822,1.4398916,0.0,0.0,2.347994,0.0,2.0585327,0.0,2.1188314,1.747725,0.58727753,2.8458629,0.0,0.97026795,1.0620993,0.0,2.3376715,0.65286267,1.8004824,1.7814727,1.8735222,2.5245779,1.8335297,1.8266389,1.466994,1.334882,1.709468,1.8436594,2.5146344,2.0759604,1.2317209,1.3455806,2.162395,1.271856,0.0,0.0,0.67121965,0.55763817,1.383114,0.0
852,0.5728641,1.4765476,0.0,0.0,1.757588,0.0,1.867455,0.0,2.2070997,1.447202,0.60456884,3.0404758,0.0,0.64581347,1.3039814,0.0,1.4978123,0.52032334,1.019035,1.4765002,2.117979,2.3140645,0.9330647,1.2921225,1.3109543,1.1905433,1.579551,1.5932752,2.2373405,1.7705284,0.68625593,2.1045418,1.5531245,1.4950997,0.0,0.0,0.60290617,0.32056653,1.0473316,0.0
853,0.8369803,1.6736614,0.0,0.0,1.4039568,0.0,1.7628816,0.0,2.1745965,1.2969565,0.9816553,3.010709,0.0,0.76898634,1.7943362,0.0,1.066256,0.8360722,0.7687098,1.38213,2.3138227,2.1208322,0.4661981,1.0717351,1.3717272,1.1502692,1.7154847,1.3916371,2.0858681,1.6226825,0.6208811,2.6762521,1.3146621,1.8457612,0.0,0.0,0.8072549,0.6477628,0.9322514,0.0
854,1.1389241,1.8408078,0.0,0.0,1.246806,0.0,1.6707656,0.0,2.0460255,1.1310909,1.3022083,2.8872151,0.0,0.99685663,2.086966,0.0,0.8999248,1.19168,0.8023226,1.262155,2.3533864,1.9152366,0.26227877,1.0062093,1.4275124,1.0649858,1.8719759,1.219105,2.048679,1.4991633,0.7560756,2.893914,1.2600974,2.1063163,0.0,0.0,1.0133659,1.0713236,0.85605603,0.0
855,1.3832512,1.9383981,0.0,0.0,1.2239622,0.0,1.611017,0.0,1.9012365,0.97632617,1.5529029,2.775237,0.0,1.2737367,2.2136755,0.0,0.8981244,1.548841,1.0175323,1.0805798,2.2886462,1.779842,0.24032661,1.0053897,1.4635402,0.98325586,2.0187733,1.0542929,2.0699244,1.4056497,0.9907117,2.8874307,1.3467022,2.295219,0.0,0.0,1.2122519,1.4967687,0.80092794,0.0
856,1.6137667,2.025497,0.0,0.0,1.3530886,0.0,1.5893172,0.0,1.7431842,0.8784253,1.7620226,2.6883984,0.0,1.6323258,2.2341437,0.0,1.0873154,1.9575267,1.44105,0.90051734,2.1674302,1.7207748,0.36995324,1.1014265,1.4912585,0.8879002,2.1417315,0.9825049,2.153206,1.3545674,1.339713,2.8288703,1.5954618,2.4442482,0.0,0.0,1.4512422,1.8652747,0.76663905,0.0
857,1.9105957,2.1273813,0.0,0.0,1.6459217,0.0,1.6678772,0.0,1.7126895,0.9641688,2.02111,2.5770075,0.0,2.1823707,2.2784321,0.0,1.5630854,2.5002582,2.1705945,0.8441094,2.022427,1.8272163,0.7522389,1.3745301,1.6191874,0.9243191,2.3077319,1.0732349,2.2825632,1.4896927,1.9056906,2.7753735,2.0243826,2.6053903,0.0,0.0,1.77359,2.270173,0.8832564,0.0
858,2.081392,2.064987,0.0,0.0,1.9299675,0.0,1.6623996,0.0,1.6909943,1.165982,2.129264,2.2031832,0.0,2.6715662,2.0886528,0.0,2.0797668,2.9238327,3.016033,0.78918934,1.7241656,1.8825461,1.2150123,1.7027977,1.7147549,0.97914577,2.2959561,1.2887999,2.2417908,1.6635228,2.4520388,2.5819707,2.382579,2.5256555,0.0,0.0,2.0695477,2.4758334,1.0055382,0.0
859,1.9957472,1.8364096,0.0,0.0,2.0173762,0.0,1.4809136,0.0,1.6693531,1.4166447,1.9515836,1.5808593,0.0,2.8186688,1.6485232,0.0,2.39458,2.8960037,3.583127,0.7239207,1.3249758,1.8036753,1.5908489,1.9135473,1.6868346,1.0088099,1.9294593,1.5197752,1.9185319,1.730822,2.7602656,2.3071742,2.3842914,2.1887813,0.0,0.0,2.1960373,2.2543738,1.0349679,0.0
860,1.839546,1.65536,0.0,0.0,1.9535204,0.0,1.3413304,0.0,1.7282468,1.7899306,1.6191171,1.0099322,0.0,2.6440117,1.3078659,0.0,2.4761045,2.5217028,3.8333166,0.8387321,1.1438121,1.6530261,1.8256524,2.0511394,1.7013154,1.1256367,1.4503063,1.8411206,1.5123308,1.8186375,2.8380318,2.2509584,2.1272812,1.7948581,0.0,0.0,2.22653,1.7982975,1.0675437,0.0
861,1.6547002,1.5974313,0.0,0.0,1.7912623,0.0,1.2656668,0.0,1.7889314,2.189993,1.3641819,0.72114635,0.0,2.2117498,1.1707016,0.0,2.269201,2.006302,3.6531987,1.0424352,1.1969582,1.4366529,1.8716977,2.0607824,1.7647352,1.3393794,1.0714418,2.0705824,1.1466382,1.8376313,2.7167482,2.3173647,1.6679977,1.5525848,0.0,0.0,2.1799638,1.3074917,1.0706034,0.0
862,1.5567406,1.6415102,0.0,0.0,1.6315849,0.0,1.1940275,0.0,1.8335974,2.4104178,1.1363889,0.5841534,0.0,1.7866254,1.1821392,0.0,1.9969616,1.4507709,3.3118572,1.246086,1.3320911,1.2946123,1.7896042,2.0116014,1.8306503,1.5039169,0.79336005,2.2650332,0.891739,1.8722864,2.431506,2.5586236,1.2199908,1.3616031,0.0,0.0,2.096127,0.85926634,1.002402,0.0
863,1.5902952,1.7519257,0.0,0.0,1.5003078,0.0,1.1529051,0.0,1.8335036,2.5001576,1.003322,0.6111939,0.0,1.4184659,1.2797903,0.0,1.7447485,0.9998312,2.9268398,1.4113739,1.5227599,1.224939,1.6737542,1.9689986,1.9399396,1.6518439,0.63841146,2.3459857,0.7205813,1.9000531,2.1325796,2.8305085,0.87286,1.2775763,0.0,0.0,2.0634346,0.51352143,0.92556196,0.0
864,1.6509156,1.8904916,0.0,0.0,1.4391798,0.0,1.1714002,0.0,1.7302159,2.5545352,0.9821716,0.79713714,0.0,1.0895624,1.4398465,0.0,1.495764,0.75763214,2.558675,1.5906714,1.7758627,1.1685101,1.5695746,1.9129224,2.034865,1.7194635,0.658643,2.332551,0.6341265,1.9066492,1.9040397,3.0487072,0.66668653,1.2936682,0.0,0.0,2.0090504,0.29813665,0.8416297,0.0
865,1.7684417,2.038121,0.0,0.0,1.4654112,0.0,1.2070237,0.0,1.5323511,2.5312514,0.99984294,1.0915825,0.0,0.82120794,1.6239585,0.0,1.285881,0.64693105,2.2407055,1.7915307,2.0495453,1.1335341,1.4898524,1.8660634,2.095349,1.7659245,0.77904785,2.263461,0.6156792,1.9077574,1.7133499,3.1999235,0.5784772,1.3522143,0.0,0.0,1.9465343,0.114202105,0.7534055,0.0
866,1.9030745,2.1589782,0.0,0.0,1.5982144,0.0,1.3079313,0.0,1.2311671,2.412476,1.0476551,1.5037789,0.0,0.60344225,1.8382167,0.0,1.1465023,0.65146124,1.9469489,1.9957665,2.3167818,1.1618623,1.4408696,1.8124993,2.113866,1.7897857,1.0385889,2.1384463,0.6567234,1.9110705,1.547536,3.233625,0.64373904,1.4038311,0.0,0.0,1.8705565,0.0,0.68229693,0.0
867,1.9698458,2.1082075,0.0,0.0,1.833349,0.0,1.4422944,0.0,0.71700776,2.0142868,1.0338467,2.0319083,0.0,0.4079766,1.9778522,0.0,1.0358628,0.77374434,1.6041784,2.150426,2.4855397,1.2118527,1.3823273,1.6805868,1.9449157,1.6976917,1.4232619,1.9000745,0.72829854,1.8184875,1.3327321,2.911693,0.89686143,1.3558186,0.0,0.0,1.6708367,0.0,0.6538143,0.0
868,2.0712483,1.9386054,0.0,0.0,2.286931,0.0,1.8809228,0.0,0.318542,1.4770839,1.1170946,2.7906888,0.0,0.6039075,2.296006,0.0,1.390326,1.289176,1.5514095,2.4449537,2.6014857,1.5367582,1.609406,1.6839919,1.6609459,1.6392163,2.1343448,1.7709112,1.1391387,1.8078301,1.3473576,2.2969518,1.6977283,1.3903483,0.0,0.0,1.4261874,0.0,1.0450436,0.0
869,2.146664,1.7232097,0.0,0.0,2.7030756,0.0,2.3622155,0.0,0.41837585,1.1048348,1.2744197,3.3139782,0.0,1.1722822,2.5793695,0.0,1.9991817,1.9468338,1.9032935,2.7271109,2.5338564,1.9232398,1.9719837,1.7954794,1.4327201,1.6413664,2.77719,1.8860177,1.7020198,1.8943233,1.6339769,1.6074638,2.675429,1.4661531,0.0,0.0,1.2748504,0.46885526,1.7485118,0.0
870,2.0107462,1.4409524,0.0,0.0,2.763566,0.0,2.5600615,0.0,0.69823766,0.90552473,1.2643794,3.3513408,0.0,1.5780958,2.5896297,0.0,2.3378203,2.25259,2.175345,2.7539828,2.3179717,2.071201,2.1548128,1.8096608,1.1840407,1.6130192,3.0003967,2.0018165,2.0056353,1.9235009,1.8592645,1.1065524,3.1759493,1.4421891,0.0,0.0,1.1702516,0.9546422,2.2198408,0.0
871,1.8640177,1.2093934,0.0,0.0,2.684299,0.0,2.646757,0.0,1.0290936,0.8823703,1.1996456,3.2422402,0.0,1.7949436,2.549089,0.0,2.4753551,2.4035232,2.4160528,2.7217362,2.1613712,2.0779612,2.27632,1.83194,0.99874127,1.659879,3.0444856,2.1556723,2.1303015,1.9532336,2.02814,0.8469885,3.4247477,1.4187881,0.0,0.0,1.17626,1.3103247,2.5650966,0.0
872,1.6986191,0.99549496,0.0,0.0,2.5152729,0.0,2.6677475,0.0,1.3704531,0.97159624,1.083125,3.0545654,0.0,1.8963177,2.4723644,0.0,2.4480207,2.4528334,2.586743,2.6465914,2.0653744,1.9668558,2.3378828,1.8781648,0.8322505,1.7305448,3.0039713,2.3521876,2.1404452,1.9991277,2.1614246,0.7550027,3.5183475,1.3912476,0.0,0.0,1.2318199,1.5599701,2.8402221,0.0
873,1.5029993,0.8305782,0.0,0.0,2.2164888,0.0,2.625135,0.0,1.7513576,1.2110453,0.9359395,2.7968757,0.0,1.8532374,2.383908,0.0,2.2562795,2.4154701,2.718297,2.5005407,2.007892,1.692471,2.3928351,1.9404348,0.7023245,1.8203553,2.8939757,2.5699763,2.07309,2.044183,2.2828903,0.83667976,3.4613287,1.3975427,0.0,0.0,1.3418624,1.815954,3.0750535,0.0
874,1.376235,0.81043625,0.0,0.0,1.7912704,0.0,2.543163,0.0,2.2159693,1.7059417,0.89177173,2.4839208,0.0,1.7409942,2.3922718,0.0,1.877527,2.3110206,2.80154,2.2617276,1.9793091,1.3094672,2.4466183,2.0523129,0.7205662,1.9776105,2.7038903,2.7915947,1.9435667,2.1447446,2.4483073,1.2535911,3.2220342,1.5523107,0.0,0.0,1.6038964,2.2582,3.210089,0.0
875,1.2285469,0.93515396,0.0,0.0,1.2438642,0.0,2.1868362,0.0,2.4173565,2.1301134,0.9405718,1.9554392,0.0,1.4066777,2.318613,0.0,1.2759733,1.958873,2.5779867,1.8213719,1.7588979,0.76106095,2.296963,2.0507512,0.8929473,1.9516017,2.220198,2.7090518,1.6578492,2.0848193,2.40347,1.7954974,2.5382755,1.6721793,0.0,0.0,1.729653,2.731503,2.9110303,0.0
876,1.2177734,1.1633084,0.0,0.0,0.96181107,0.0,1.7982328,0.0,2.2717996,2.3120794,1.1500472,1.5829659,0.0,1.0795548,2.3069348,0.0,0.8438317,1.6063384,2.2091684,1.460569,1.4521319,0.40217853,2.0707257,1.9337336,1.233934,1.8183606,1.7632629,2.3620515,1.4577072,1.899432,2.2561607,2.2514033,1.8563339,1.766833,0.0,0.0,1.6649935,3.1341605,2.3637013,0.0
877,1.3498282,1.4641603,0.0,0.0,1.0954614,0.0,1.603941,0.0,1.9555018,2.2763684,1.4457854,1.527479,0.0,0.91200125,2.4586594,0.0,0.73056597,1.4905074,1.9621994,1.3048329,1.1881996,0.35774356,1.9529204,1.8429273,1.6249288,1.6653095,1.5542041,2.034494,1.4539095,1.7602671,2.1887043,2.5462298,1.5064683,1.8446032,0.0,0.0,1.4957368,3.5072136,1.9154578,0.0
878,1.5994039,1.7446034,0.0,0.0,1.5191537,0.0,1.6802799,0.0,1.6653675,2.1143959,1.8408545,1.8211335,0.0,0.93934816,2.765242,0.0,0.90901583,1.6076411,1.8652021,1.3437996,1.0438145,0.607979,2.0095737,1.8280319,2.0354626,1.5897282,1.6294081,1.8060515,1.6690167,1.7129163,2.227595,2.7369604,1.5684586,1.9474205,0.0,0.0,1.293555,3.834908,1.7262651,0.0
879,1.7690852,1.8410988,0.0,0.0,1.984657,0.0,1.7898626,0.0,1.323243,1.7393813,2.0578341,2.2113957,0.0,1.0033355,2.9684079,0.0,1.1773527,1.7514098,1.74937,1.4357367,0.9170626,0.9309193,2.053245,1.7542553,2.25344,1.424336,1.7635465,1.6202853,1.8704491,1.6198922,2.232836,2.6397429,1.7335964,1.895231,0.0,0.0,1.0030812,3.8760774,1.6354074,0.0
880,1.8811619,1.8152857,0.0,0.0,2.3562412,0.0,1.9197533,0.0,1.0523257,1.3191936,2.130607,2.540738,0.0,1.1094275,3.076684,0.0,1.4756681,1.8793726,1.6360263,1.5681231,0.8432875,1.3263024,2.075207,1.650862,2.3255098,1.2531091,1.8889502,1.5022303,1.9915324,1.522575,2.1621256,2.3998103,1.9806602,1.7759129,0.0,0.0,0.7144116,3.6358054,1.6422359,0.0
881,1.9892125,1.7321842,0.0,0.0,2.5537784,0.0,1.9979142,0.0,0.9283667,0.99704385,2.1303003,2.7765188,0.0,1.2099642,3.116115,0.0,1.7250273,1.978202,1.5585426,1.728336,0.8842482,1.6557896,2.1137273,1.5989811,2.2775595,1.1474593,1.9755068,1.4729373,2.0407298,1.4792479,2.0617242,2.226952,2.1870215,1.6545838,0.0,0.0,0.5201346,3.3015597,1.726142,0.0
882,2.1288607,1.651927,0.0,0.0,2.617855,0.0,2.107076,0.0,0.9220259,0.7740342,2.1406877,2.9554842,0.0,1.3129742,3.185288,0.0,1.9351718,2.0635972,1.4859267,1.9220872,0.9897967,1.9556985,2.224181,1.5873146,2.2190847,1.1202476,2.0544226,1.5299368,2.0354888,1.5016786,1.9560231,2.1602027,2.3554902,1.5872117,0.0,0.0,0.43724957,2.9535594,1.8485788,0.0
883,2.2902467,1.5373185,0.0,0.0,2.5305517,0.0,2.2177358,0.0,1.002782,0.63698393,2.1784685,3.0279102,0.0,1.3543901,3.2550132,0.0,2.0758812,2.1101007,1.3449984,2.1360924,1.1456474,2.2466862,2.380943,1.5698978,2.1606102,1.1333697,2.0650504,1.6555113,1.9466755,1.5443343,1.8055679,2.199941,2.423926,1.5533383,0.0,0.0,0.44724333,2.5857346,1.9675044,0.0
884,2.4521372,1.3670936,0.0,0.0,2.1613657,0.0,2.278193,0.0,1.1897118,0.54670924,2.2488363,2.8798578,0.0,1.3014805,3.2634351,0.0,2.0485373,2.0802534,1.0574969,2.3236322,1.3342906,2.5029883,2.5488315,1.4764714,2.0608966,1.1437918,1.9551235,1.7780622,1.6652794,1.5885168,1.5404378,2.3359222,2.3112783,1.5588042,0.0,0.0,0.5886541,2.0366995,2.0033774,0.0
885,2.598597,1.241741,0.0,0.0,1.3919857,0.0,2.1926317,0.0,1.6231633,0.6877665,2.381597,2.2873297,0.0,1.221827,3.0825362,0.0,1.8833601,1.8967798,0.76311946,2.4923356,1.6438036,2.6308036,2.6033585,1.3375459,1.9472538,1.1888291,1.6877795,1.8775676,1.1830295,1.6282469,1.2287693,2.543309,1.9126892,1.6627291,0.0,0.0,1.0833514,1.280848,1.8350264,0.0
886,2.6420681,1.4830823,0.0,0.0,0.89866054,0.0,2.1360416,0.0,2.3134108,1.3500412,2.51422,1.5565232,0.0,1.5118439,2.9257827,0.0,2.022921,1.8041824,1.081722,2.7592251,2.1199808,2.6109111,2.5545082,1.3971672,1.9610662,1.5331098,1.5352745,2.097044,1.0604999,1.9231935,1.2947783,2.8092022,1.7075176,2.038087,0.0,0.0,1.9356209,0.927015,1.708613,0.0
887,2.489456,1.6364666,0.0,0.0,0.6987723,0.0,1.9057635,0.0,2.5813935,1.7252319,2.4513166,0.92910624,0.0,1.7481064,2.627606,0.0,2.0521848,1.6781845,1.4682022,2.6940126,2.2333672,2.3714554,2.2729938,1.3469328,1.9011254,1.7068725,1.4033388,2.0445256,1.1196792,1.9895684,1.4081721,2.6582115,1.5407182,2.1852598,0.0,0.0,2.3723786,0.9079611,1.4699719,0.0
888,2.3492432,1.7138443,0.0,0.0,0.714164,0.0,1.7341648,0.0,2.6463895,1.8248523,2.3880136,0.5337454,0.0,1.9570811,2.428316,0.0,2.0894508,1.6555954,1.7929552,2.5751889,2.1863537,2.2068055,2.0446267,1.2274376,1.8715935,1.7462003,1.3175427,1.9356035,1.2664846,1.9390421,1.5386816,2.3872764,1.4917334,2.2469954,0.0,0.0,2.5454638,1.0401418,1.2731024,0.0
889,2.249208,1.762677,0.0,0.0,0.8542739,0.0,1.6162168,0.0,2.6326013,1.7645828,2.3382218,0.2577447,0.0,2.1822145,2.321432,0.0,2.1581256,1.7046633,2.07429,2.4708743,2.087268,2.1481059,1.8439767,1.0443716,1.8628536,1.7259024,1.275966,1.8290215,1.4788727,1.8307147,1.671662,2.062411,1.5308987,2.2661562,0.0,0.0,2.5833383,1.2368355,1.11411,0.0
890,2.1655056,1.8068316,0.0,0.0,1.0933682,0.0,1.5564386,0.0,2.5688334,1.5921059,2.2707865,0.08952012,0.0,2.4412506,2.3019466,0.0,2.2971065,1.8100295,2.3475642,2.3966572,1.9589938,2.1745565,1.67996,0.8530556,1.86633,1.6786932,1.2373071,1.7493508,1.7443584,1.6987693,1.8265175,1.7139153,1.6519996,2.2293718,0.0,0.0,2.4911711,1.4836495,0.99555445,0.0
891,2.0663257,1.7918037,0.0,0.0,1.3616759,0.0,1.5104247,0.0,2.4203806,1.3353056,2.1310954,0.06079664,0.0,2.6738021,2.3293846,0.0,2.4685442,1.9429641,2.5408726,2.3196573,1.8103052,2.2439954,1.5295691,0.62166077,1.8737297,1.5899094,1.2130783,1.6882155,2.0144796,1.5453852,1.9665378,1.3690095,1.8062536,2.0962393,0.0,0.0,2.2738562,1.728915,0.92116034,0.0
892,1.95906,1.7760347,0.0,0.0,1.6083133,0.0,1.5395492,0.0,2.2367237,1.0921565,1.9455553,0.202274,0.0,2.8614476,2.4058495,0.0,2.6976182,2.0844252,2.6864598,2.2554362,1.6728082,2.371783,1.4554877,0.4808231,1.9027811,1.5141047,1.2213578,1.6885626,2.2504816,1.4198986,2.1166558,1.1608155,2.003002,1.8888527,0.0,0.0,2.0182722,1.9653625,0.9283555,0.0
893,1.8213978,1.7221763,0.0,0.0,1.7049019,0.0,1.5697287,0.0,1.9669658,0.88977855,1.6892253,0.40771797,0.0,2.924413,2.4647756,0.0,2.911445,2.195166,2.6614056,2.1798048,1.5335677,2.442286,1.4534404,0.3896857,1.8859452,1.4412869,1.1530199,1.7064477,2.2942798,1.3128406,2.1717281,1.102607,2.122895,1.5560756,0.0,0.0,1.733624,2.0846136,0.9304681,0.0
894,1.6886045,1.6978261,0.0,0.0,1.6598661,0.0,1.6195257,0.0,1.6674954,0.85788065,1.4363302,0.6477376,0.0,2.8877265,2.5580392,0.0,3.147135,2.283696,2.526138,2.1417465,1.4436646,2.4931414,1.5662994,0.40896678,1.863609,1.4288948,1.0193636,1.759205,2.1339905,1.3023196,2.175683,1.2963848,2.1532829,1.1745129,0.0,0.0,1.5017298,2.0773175,0.9363754,0.0
895,1.6212959,1.7274637,0.0,0.0,1.5111846,0.0,1.7337601,0.0,1.3359181,1.0942938,1.2552434,0.93098867,0.0,2.7352347,2.7192655,0.0,3.4259584,2.3657742,2.2958033,2.1805923,1.4629103,2.5092595,1.8490119,0.6650519,1.855321,1.559227,0.91197413,1.8804432,1.7578124,1.4589183,2.1477785,1.8038151,2.0946722,0.82194316,0.0,0.0,1.3835588,1.9004743,0.99175364,0.0
896,1.6061277,1.7865882,0.0,0.0,1.3749173,0.0,1.9071013,0.0,1.0683264,1.6113794,1.2005318,1.2602386,0.0,2.3866923,2.8814504,0.0,3.5608559,2.3585436,2.0351944,2.3190107,1.5276726,2.4315631,2.259587,1.1776574,1.82129,1.7955997,0.92749006,2.0237508,1.2676558,1.7828963,2.0764437,2.5102978,1.9682466,0.6687371,0.0,0.0,1.3799199,1.6046376,1.1144716,0.0
897,1.6695421,1.8053372,0.0,0.0,1.3324625,0.0,1.9861618,0.0,0.86994493,2.1031535,1.2585294,1.475998,0.0,1.9903104,2.9549494,0.0,3.4229467,2.1867805,1.8033463,2.4373548,1.5745924,2.209879,2.537438,1.6810828,1.7113174,2.0164592,0.99022263,2.0717196,0.8648058,2.0343854,1.9235102,3.0508876,1.7951206,0.7358886,0.0,0.0,1.3947455,1.2615604,1.2156762,0.0
898,1.7162626,1.7190223,0.0,0.0,1.3839589,0.0,1.9810561,0.0,0.73611003,2.3816247,1.3398608,1.5432168,0.0,1.6315413,2.9711266,0.0,3.1238797,1.9843073,1.5953623,2.4851456,1.5579528,1.9814392,2.6050813,1.9968098,1.5279742,2.1333058,1.0291252,2.0218928,0.61469996,2.1275594,1.7333518,3.2717514,1.5994629,0.8730191,0.0,0.0,1.3648698,0.95930517,1.2507179,0.0
899,1.7673299,1.6069934,0.0,0.0,1.557904,0.0,1.9384794,0.0,0.63886786,2.4823802,1.4127082,1.5454801,0.0,1.3386893,3.0099468,0.0,2.7910132,1.8029579,1.4325644,2.4991515,1.5115355,1.7716283,2.5665953,2.161898,1.338626,2.1904802,1.0531094,1.9271849,0.5178949,2.0939052,1.5436429,3.3210266,1.4343741,1.0025151,0.0,0.0,1.2753589,0.70854646,1.2853496,0.0
900,1.8844739,1.5325675,0.0,0.0,1.8595611,0.0,1.9078308,0.0,0.5975636,2.440857,1.516318,1.5834773,0.0,1.1396594,3.1246922,0.0,2.494552,1.6865867,1.3186477,2.5188212,1.4587195,1.6026785,2.508993,2.2710288,1.184621,2.2015176,1.0695887,1.829955,0.5801788,2.0132322,1.4098254,3.295962,1.3448164,1.1521008,0.0,0.0,1.1662356,0.54326165,1.3758917,0.0
